11 0.4323529411764706 0.43478260869565216 0.09852941176470588 0.034782608695652174
7 0.4661764705882353 0.4717391304347826 0.16470588235294117 0.034782608695652174
1 0.4294117647058823 0.5021739130434782 0.08823529411764706 0.017391304347826087
0 0.4632352941176471 0.532608695652174 0.11764705882352941 0.03260869565217391
10 0.4308823529411765 0.5630434782608695 0.08676470588235294 0.021739130434782608
5 0.5455882352941176 0.5652173913043478 0.09117647058823529 0.01956521739130435
3 0.43529411764705883 0.5934782608695652 0.09705882352941177 0.030434782608695653
6 0.43823529411764706 0.6260869565217392 0.10294117647058823 0.01956521739130435
4 0.45441176470588235 0.6543478260869565 0.13676470588235295 0.03260869565217391
6 0.4294117647058823 0.6978260869565217 0.0838235294117647 0.034782608695652174
8 0.3088235294117647 0.5456521739130434 0.10441176470588236 0.22826086956521738
9 0.3220588235294118 0.6891304347826087 0.08676470588235294 0.05652173913043478