11 0.47205882352941175 0.24347826086956523 0.19705882352941176 0.0891304347826087
7 0.5823529411764706 0.3347826086956522 0.4264705882352941 0.08478260869565217
1 0.4676470588235294 0.4043478260869565 0.19705882352941176 0.043478260869565216
0 0.5676470588235294 0.4717391304347826 0.3 0.08043478260869565
10 0.4647058823529412 0.5369565217391304 0.19705882352941176 0.04782608695652174
5 0.7323529411764705 0.5434782608695652 0.2 0.05434782608695652
3 0.47794117647058826 0.6065217391304348 0.22205882352941175 0.0782608695652174
6 0.47794117647058826 0.6739130434782609 0.22647058823529412 0.04782608695652174
4 0.5411764705882353 0.7478260869565218 0.35441176470588237 0.0891304347826087
2 0.5161764705882353 0.8456521739130435 0.3029411764705882 0.08043478260869565
8 0.18970588235294117 0.5065217391304347 0.25 0.5260869565217391
9 0.22058823529411764 0.8586956521739131 0.28088235294117647 0.1673913043478261