11 0.4264705882352941 0.3347826086956522 0.19411764705882353 0.06956521739130435
7 0.5044117647058823 0.4108695652173913 0.34852941176470587 0.06956521739130435
1 0.42205882352941176 0.46956521739130436 0.18382352941176472 0.0391304347826087
0 0.6441176470588236 0.5304347826086957 0.5102941176470588 0.06739130434782609
10 0.4235294117647059 0.5891304347826087 0.18088235294117647 0.03695652173913044
5 0.6720588235294118 0.591304347826087 0.18088235294117647 0.041304347826086954
3 0.4338235294117647 0.6456521739130435 0.20294117647058824 0.06739130434782609
6 0.4308823529411765 0.7043478260869566 0.19705882352941176 0.03695652173913044
4 0.5676470588235294 0.7608695652173914 0.47058823529411764 0.06086956521739131
2 0.41911764705882354 0.8456521739130435 0.1676470588235294 0.05217391304347826
8 0.18382352941176472 0.5695652173913044 0.22205882352941175 0.4434782608695652
9 0.2338235294117647 0.8543478260869565 0.17058823529411765 0.11521739130434783