11 0.5161764705882353 0.358695652173913 0.16470588235294117 0.06304347826086956
7 0.6073529411764705 0.43043478260869567 0.3426470588235294 0.07391304347826087
1 0.5191176470588236 0.48043478260869565 0.17058823529411765 0.034782608695652174
0 0.5529411764705883 0.5347826086956522 0.15441176470588236 0.06304347826086956
10 0.513235294117647 0.5891304347826087 0.1661764705882353 0.041304347826086954
5 0.7485294117647059 0.6 0.16911764705882354 0.04565217391304348
3 0.5220588235294118 0.6413043478260869 0.18529411764705883 0.06521739130434782
6 0.5220588235294118 0.6978260869565217 0.19264705882352942 0.04565217391304348
4 0.5720588235294117 0.7565217391304347 0.29558823529411765 0.06956521739130435
2 0.47794117647058826 0.8195652173913044 0.11176470588235295 0.05652173913043478
8 0.2852941176470588 0.5543478260869565 0.19411764705882353 0.40217391304347827
9 0.23970588235294119 0.8326086956521739 0.08088235294117647 0.15217391304347827