11 0.5426470588235294 0.3282608695652174 0.15588235294117647 0.05434782608695652
7 0.5823529411764706 0.391304347826087 0.23529411764705882 0.05434782608695652
1 0.5397058823529411 0.44130434782608696 0.14558823529411766 0.030434782608695653
0 0.7 0.4891304347826087 0.38529411764705884 0.06086956521739131
10 0.5411764705882353 0.5456521739130434 0.14852941176470588 0.030434782608695653
5 0.7235294117647059 0.5434782608695652 0.13676470588235295 0.030434782608695653
3 0.5485294117647059 0.5934782608695652 0.16470588235294117 0.05434782608695652
6 0.5529411764705883 0.6521739130434783 0.16911764705882354 0.030434782608695653
4 0.6058823529411764 0.6978260869565217 0.275 0.058695652173913045
2 0.5720588235294117 0.7739130434782608 0.2088235294117647 0.06304347826086956
8 0.32794117647058824 0.5217391304347826 0.18088235294117647 0.391304347826087
9 0.33676470588235297 0.7804347826086957 0.10882352941176471 0.11956521739130435