11 0.4441176470588235 0.27608695652173915 0.13529411764705881 0.058695652173913045
7 0.5352941176470588 0.34130434782608693 0.3176470588235294 0.058695652173913045
1 0.45294117647058824 0.39565217391304347 0.15294117647058825 0.030434782608695653
0 0.5264705882352941 0.4434782608695652 0.21323529411764705 0.06086956521739131
10 0.45441176470588235 0.5021739130434782 0.1514705882352941 0.03260869565217391
5 0.6514705882352941 0.5 0.14705882352941177 0.03260869565217391
3 0.4632352941176471 0.5521739130434783 0.16911764705882354 0.05217391304347826
6 0.4661764705882353 0.6108695652173913 0.175 0.02826086956521739
4 0.4485294117647059 0.6565217391304348 0.13823529411764707 0.05217391304347826
2 0.48823529411764705 0.7347826086956522 0.21470588235294116 0.05652173913043478
8 0.23676470588235293 0.47608695652173916 0.19117647058823528 0.4
9 0.24558823529411763 0.7369565217391304 0.18529411764705883 0.10217391304347827