11 0.4588235294117647 0.26956521739130435 0.20588235294117646 0.06739130434782609
9 0.2 0.85 0.19264705882352942 0.14782608695652175
7 0.5573529411764706 0.3521739130434783 0.40441176470588236 0.0782608695652174
1 0.45 0.41739130434782606 0.19117647058823528 0.034782608695652174
0 0.5529411764705883 0.4782608695652174 0.2838235294117647 0.06956521739130435
10 0.4485294117647059 0.5413043478260869 0.19264705882352942 0.043478260869565216
5 0.7323529411764705 0.5456521739130434 0.2 0.04782608695652174
3 0.4602941176470588 0.6043478260869565 0.2161764705882353 0.07391304347826087
6 0.4632352941176471 0.6717391304347826 0.22647058823529412 0.043478260869565216
4 0.5235294117647059 0.741304347826087 0.35 0.08043478260869565
2 0.48823529411764705 0.8239130434782609 0.2823529411764706 0.06956521739130435
8 0.17794117647058824 0.5108695652173914 0.22794117647058823 0.4782608695652174