11 0.46176470588235297 0.3652173913043478 0.1 0.04565217391304348
7 0.49558823529411766 0.41304347826086957 0.17058823529411765 0.04565217391304348
1 0.4632352941176471 0.44782608695652176 0.10588235294117647 0.02608695652173913
0 0.5088235294117647 0.48478260869565215 0.13529411764705881 0.041304347826086954
10 0.46176470588235297 0.5173913043478261 0.10588235294117647 0.02608695652173913
5 0.6147058823529412 0.5195652173913043 0.10735294117647058 0.02608695652173913
3 0.47058823529411764 0.5543478260869565 0.125 0.043478260869565216
6 0.46911764705882353 0.5891304347826087 0.12352941176470589 0.02608695652173913
4 0.49117647058823527 0.6260869565217392 0.1676470588235294 0.043478260869565216
2 0.4455882352941177 0.6695652173913044 0.075 0.034782608695652174
8 0.31470588235294117 0.5 0.125 0.26304347826086955
9 0.31323529411764706 0.6804347826086956 0.10294117647058823 0.05652173913043478