11 0.47205882352941175 0.26956521739130435 0.16323529411764706 0.06739130434782609
7 0.55 0.34782608695652173 0.3205882352941177 0.07173913043478261
1 0.4823529411764706 0.4108695652173913 0.18676470588235294 0.03695652173913044
0 0.5338235294117647 0.46956521739130436 0.18529411764705883 0.07173913043478261
10 0.47941176470588237 0.5391304347826087 0.18382352941176472 0.0391304347826087
5 0.725 0.5391304347826087 0.18382352941176472 0.034782608695652174
3 0.49411764705882355 0.6 0.21323529411764705 0.06521739130434782
6 0.45588235294117646 0.6695652173913044 0.13823529411764707 0.0391304347826087
4 0.5073529411764706 0.7260869565217392 0.2411764705882353 0.06956521739130435
2 0.5220588235294118 0.8173913043478261 0.2691176470588235 0.06956521739130435
8 0.21764705882352942 0.5043478260869565 0.22647058823529412 0.48478260869565215
9 0.2735294117647059 0.8326086956521739 0.21911764705882353 0.16304347826086957