11 0.43823529411764706 0.24565217391304348 0.2088235294117647 0.0782608695652174
7 0.5397058823529411 0.33695652173913043 0.4117647058823529 0.08478260869565217
1 0.4411764705882353 0.4108695652173913 0.21029411764705883 0.0391304347826087
0 0.47794117647058826 0.46956521739130436 0.16176470588235295 0.06956521739130435
10 0.4411764705882353 0.5434782608695652 0.2073529411764706 0.05
5 0.7323529411764705 0.5391304347826087 0.20588235294117646 0.04565217391304348
3 0.45294117647058824 0.6108695652173913 0.2323529411764706 0.0782608695652174
6 0.4573529411764706 0.6804347826086956 0.23823529411764705 0.043478260869565216
3 0.45 0.75 0.21911764705882353 0.08043478260869565
2 0.3911764705882353 0.8326086956521739 0.10147058823529412 0.06304347826086956
8 0.17205882352941176 0.5195652173913043 0.25441176470588234 0.5152173913043478
9 0.15441176470588236 0.8543478260869565 0.1264705882352941 0.14565217391304347