11 0.43823529411764706 0.2673913043478261 0.15735294117647058 0.06956521739130435
7 0.5558823529411765 0.3391304347826087 0.39558823529411763 0.07173913043478261
1 0.45 0.39565217391304347 0.18235294117647058 0.0391304347826087
0 0.5147058823529411 0.45217391304347826 0.2161764705882353 0.07173913043478261
10 0.4485294117647059 0.5152173913043478 0.17794117647058824 0.0391304347826087
5 0.6764705882352942 0.5173913043478261 0.17794117647058824 0.041304347826086954
3 0.4588235294117647 0.5695652173913044 0.19705882352941176 0.06956521739130435
6 0.4632352941176471 0.6391304347826087 0.20441176470588235 0.0391304347826087
4 0.5294117647058824 0.6934782608695652 0.3352941176470588 0.06956521739130435
2 0.4485294117647059 0.782608695652174 0.175 0.07173913043478261
8 0.20294117647058824 0.4891304347826087 0.2088235294117647 0.4391304347826087
9 0.2073529411764706 0.7739130434782608 0.13676470588235295 0.12173913043478261