11 0.513235294117647 0.29130434782608694 0.17794117647058824 0.06304347826086956
7 0.5588235294117647 0.3565217391304348 0.27205882352941174 0.06521739130434782
1 0.5 0.40869565217391307 0.15294117647058825 0.030434782608695653
0 0.5926470588235294 0.45869565217391306 0.22058823529411764 0.06521739130434782
10 0.5014705882352941 0.508695652173913 0.15441176470588236 0.030434782608695653
5 0.7264705882352941 0.5108695652173914 0.15 0.03260869565217391
3 0.5073529411764706 0.5608695652173913 0.1676470588235294 0.06086956521739131
6 0.5044117647058823 0.6108695652173913 0.16176470588235295 0.030434782608695653
4 0.5632352941176471 0.6630434782608695 0.2823529411764706 0.06304347826086956
2 0.5176470588235295 0.7239130434782609 0.19117647058823528 0.04565217391304348
8 0.27941176470588236 0.4826086956521739 0.18088235294117647 0.39565217391304347
9 0.2338235294117647 0.7434782608695653 0.06323529411764706 0.06739130434782609