11 0.47794117647058826 0.31956521739130433 0.10882352941176471 0.06739130434782609
7 0.49264705882352944 0.38913043478260867 0.14411764705882352 0.06304347826086956
1 0.4970588235294118 0.45 0.15588235294117647 0.03260869565217391
0 0.5294117647058824 0.5 0.1426470588235294 0.058695652173913045
10 0.49411764705882355 0.558695652173913 0.1514705882352941 0.030434782608695653
5 0.7235294117647059 0.5630434782608695 0.14852941176470588 0.0391304347826087
3 0.5073529411764706 0.6043478260869565 0.175 0.05434782608695652
6 0.5073529411764706 0.6652173913043479 0.175 0.03695652173913044
4 0.5852941176470589 0.7086956521739131 0.3352941176470588 0.058695652173913045
2 0.4970588235294118 0.7695652173913043 0.16029411764705884 0.05217391304347826
8 0.28823529411764703 0.5152173913043478 0.19264705882352942 0.41739130434782606
9 0.3029411764705882 0.808695652173913 0.17058823529411765 0.13478260869565217