11 0.45588235294117646 0.3869565217391304 0.09558823529411764 0.03695652173913044
7 0.5235294117647059 0.43043478260869567 0.22794117647058823 0.0391304347826087
1 0.4602941176470588 0.4652173913043478 0.10735294117647058 0.021739130434782608
0 0.5191176470588236 0.4934782608695652 0.15588235294117647 0.03695652173913044
10 0.4602941176470588 0.5304347826086957 0.10294117647058823 0.021739130434782608
5 0.611764705882353 0.5347826086956522 0.12352941176470589 0.02608695652173913
3 0.4676470588235294 0.5630434782608695 0.11764705882352941 0.0391304347826087
6 0.46911764705882353 0.5978260869565217 0.12205882352941176 0.021739130434782608
4 0.5029411764705882 0.6304347826086957 0.18970588235294117 0.041304347826086954
2 0.4455882352941177 0.6826086956521739 0.075 0.030434782608695653
8 0.32941176470588235 0.5217391304347826 0.10735294117647058 0.24565217391304348
9 0.31176470588235294 0.6804347826086956 0.057352941176470586 0.05652173913043478