11 0.4441176470588235 0.3173913043478261 0.0661764705882353 0.034782608695652174
7 0.48970588235294116 0.3565217391304348 0.1588235294117647 0.03695652173913044
1 0.45441176470588235 0.3869565217391304 0.09117647058823529 0.021739130434782608
0 0.5044117647058823 0.4152173913043478 0.14411764705882352 0.0391304347826087
10 0.4514705882352941 0.45 0.08970588235294118 0.021739130434782608
5 0.5720588235294117 0.4543478260869565 0.09264705882352942 0.02391304347826087
3 0.45588235294117646 0.48043478260869565 0.1 0.03695652173913044
6 0.4588235294117647 0.5152173913043478 0.10735294117647058 0.02391304347826087
4 0.48970588235294116 0.5456521739130434 0.17058823529411765 0.0391304347826087
2 0.4470588235294118 0.591304347826087 0.08970588235294118 0.03695652173913044
8 0.3264705882352941 0.4326086956521739 0.10294117647058823 0.2326086956521739
9 0.33088235294117646 0.5956521739130435 0.10294117647058823 0.08695652173913043