11 0.4764705882352941 0.25 0.2514705882352941 0.07391304347826087
7 0.5279411764705882 0.33043478260869563 0.3514705882352941 0.07608695652173914
1 0.4514705882352941 0.40217391304347827 0.19852941176470587 0.03695652173913044
0 0.47205882352941175 0.46304347826086956 0.12941176470588237 0.0782608695652174
10 0.45441176470588235 0.5413043478260869 0.2 0.041304347826086954
5 0.7073529411764706 0.5347826086956522 0.2 0.041304347826086954
3 0.4647058823529412 0.6021739130434782 0.21911764705882353 0.07173913043478261
6 0.4455882352941177 0.6782608695652174 0.18088235294117647 0.0391304347826087
4 0.4470588235294118 0.7369565217391304 0.18382352941176472 0.07173913043478261
2 0.49558823529411766 0.8347826086956521 0.2852941176470588 0.07173913043478261
8 0.175 0.508695652173913 0.23529411764705882 0.5152173913043478
9 0.19558823529411765 0.8630434782608696 0.23676470588235293 0.18043478260869567