11 0.5191176470588236 0.2543478260869565 0.27205882352941174 0.08043478260869565
7 0.6147058823529412 0.35 0.4632352941176471 0.08478260869565217
1 0.49411764705882355 0.4260869565217391 0.21911764705882353 0.041304347826086954
0 0.6455882352941177 0.48695652173913045 0.38088235294117645 0.08043478260869565
10 0.49411764705882355 0.5630434782608695 0.21470588235294116 0.04782608695652174
5 0.7867647058823529 0.558695652173913 0.2161764705882353 0.04565217391304348
3 0.5102941176470588 0.6347826086956522 0.24705882352941178 0.07608695652173914
6 0.5117647058823529 0.7108695652173913 0.24705882352941178 0.043478260869565216
4 0.6132352941176471 0.7804347826086957 0.4485294117647059 0.08260869565217391
2 0.4470588235294118 0.8608695652173913 0.1161764705882353 0.06304347826086956
8 0.19852941176470587 0.55 0.25 0.5304347826086957
9 0.2073529411764706 0.8913043478260869 0.12794117647058822 0.08260869565217391