11 0.4838235294117647 0.24347826086956523 0.21911764705882353 0.07608695652173914
7 0.538235294117647 0.3239130434782609 0.32794117647058824 0.08043478260869565
1 0.4647058823529412 0.3826086956521739 0.18235294117647058 0.043478260869565216
0 0.5102941176470588 0.45 0.175 0.07608695652173914
10 0.46176470588235297 0.5152173913043478 0.18088235294117647 0.041304347826086954
5 0.7029411764705882 0.5304347826086957 0.18529411764705883 0.05217391304347826
3 0.47058823529411764 0.5760869565217391 0.20441176470588235 0.0782608695652174
6 0.4764705882352941 0.65 0.21911764705882353 0.04782608695652174
4 0.49558823529411766 0.7086956521739131 0.2661764705882353 0.08043478260869565
2 0.45 0.8065217391304348 0.17941176470588235 0.08043478260869565
8 0.20147058823529412 0.46956521739130436 0.22794117647058823 0.4934782608695652
9 0.1514705882352941 0.7543478260869565 0.06911764705882353 0.06956521739130435