11 0.4647058823529412 0.3130434782608696 0.18676470588235294 0.06739130434782609
7 0.5426470588235294 0.38913043478260867 0.34558823529411764 0.06521739130434782
1 0.45441176470588235 0.44565217391304346 0.16470588235294117 0.034782608695652174
0 0.5367647058823529 0.4934782608695652 0.22794117647058823 0.06304347826086956
10 0.45441176470588235 0.5478260869565217 0.16470588235294117 0.03260869565217391
5 0.6779411764705883 0.55 0.1661764705882353 0.034782608695652174
3 0.4632352941176471 0.6 0.18235294117647058 0.06086956521739131
6 0.4676470588235294 0.6565217391304348 0.18676470588235294 0.034782608695652174
4 0.5073529411764706 0.7065217391304348 0.27058823529411763 0.058695652173913045
2 0.4323529411764706 0.7608695652173914 0.12058823529411765 0.04565217391304348
8 0.22058823529411764 0.5108695652173914 0.20147058823529412 0.39565217391304347
9 0.23088235294117648 0.7869565217391304 0.09558823529411764 0.12173913043478261