11 0.5205882352941177 0.33695652173913043 0.10147058823529412 0.04565217391304348
7 0.5676470588235294 0.38913043478260867 0.19705882352941176 0.04782608695652174
1 0.5279411764705882 0.4282608695652174 0.11470588235294117 0.02608695652173913
0 0.5735294117647058 0.46304347826086956 0.14411764705882352 0.043478260869565216
10 0.5235294117647059 0.5021739130434782 0.11029411764705882 0.02826086956521739
5 0.6823529411764706 0.5043478260869565 0.11029411764705882 0.030434782608695653
3 0.5308823529411765 0.5391304347826087 0.12794117647058822 0.043478260869565216
6 0.5308823529411765 0.5760869565217391 0.12794117647058822 0.02608695652173913
4 0.5441176470588235 0.6152173913043478 0.15294117647058825 0.043478260869565216
2 0.49411764705882355 0.6608695652173913 0.054411764705882354 0.03695652173913044
8 0.3720588235294118 0.48043478260869565 0.13676470588235295 0.2826086956521739
9 0.375 0.6630434782608695 0.051470588235294115 0.05217391304347826