11 0.47352941176470587 0.26304347826086955 0.20588235294117646 0.06521739130434782
7 0.5411764705882353 0.34130434782608693 0.3397058823529412 0.07608695652173914
1 0.4647058823529412 0.4108695652173913 0.18088235294117647 0.0391304347826087
0 0.5411764705882353 0.4673913043478261 0.22794117647058823 0.07391304347826087
10 0.4676470588235294 0.5391304347826087 0.17794117647058824 0.043478260869565216
5 0.7044117647058824 0.5347826086956522 0.17647058823529413 0.0391304347826087
3 0.4764705882352941 0.5978260869565217 0.19852941176470587 0.06956521739130435
6 0.4823529411764706 0.6717391304347826 0.20441176470588235 0.03695652173913044
4 0.5176470588235295 0.7282608695652174 0.275 0.07173913043478261
2 0.5367647058823529 0.8173913043478261 0.3088235294117647 0.07173913043478261
8 0.21470588235294116 0.5173913043478261 0.21911764705882353 0.46304347826086956
9 0.19705882352941176 0.8543478260869565 0.12794117647058822 0.1