11 0.5058823529411764 0.2956521739130435 0.18823529411764706 0.06521739130434782
7 0.5588235294117647 0.3652173913043478 0.29411764705882354 0.07173913043478261
1 0.49558823529411766 0.42391304347826086 0.16176470588235295 0.03695652173913044
0 0.6411764705882353 0.4673913043478261 0.34705882352941175 0.06739130434782609
10 0.4985294117647059 0.5304347826086957 0.16323529411764706 0.04565217391304348
5 0.7191176470588235 0.5173913043478261 0.16470588235294117 0.041304347826086954
3 0.5102941176470588 0.5826086956521739 0.18235294117647058 0.06304347826086956
6 0.513235294117647 0.6413043478260869 0.18529411764705883 0.041304347826086954
4 0.6191176470588236 0.6934782608695652 0.3897058823529412 0.07391304347826087
2 0.4647058823529412 0.758695652173913 0.0838235294117647 0.05652173913043478
8 0.27647058823529413 0.508695652173913 0.18823529411764706 0.4
9 0.27794117647058825 0.782608695652174 0.08235294117647059 0.13478260869565217