11 0.4632352941176471 0.3391304347826087 0.16176470588235295 0.06739130434782609
7 0.5147058823529411 0.4108695652173913 0.2691176470588235 0.07391304347826087
1 0.4602941176470588 0.46956521739130436 0.16176470588235295 0.0391304347826087
0 0.5220588235294118 0.5195652173913043 0.19117647058823528 0.06739130434782609
10 0.4588235294117647 0.5782608695652174 0.16176470588235295 0.043478260869565216
5 0.6926470588235294 0.5782608695652174 0.16323529411764706 0.043478260869565216
3 0.46911764705882353 0.6304347826086957 0.18529411764705883 0.06521739130434782
6 0.47205882352941175 0.6847826086956522 0.18823529411764706 0.043478260869565216
4 0.49558823529411766 0.741304347826087 0.23970588235294119 0.07391304347826087
2 0.4161764705882353 0.808695652173913 0.07794117647058824 0.05217391304347826
8 0.23970588235294119 0.5456521739130434 0.18235294117647058 0.40869565217391307
9 0.27058823529411763 0.8152173913043478 0.2073529411764706 0.08260869565217391