11 0.5088235294117647 0.4108695652173913 0.14411764705882352 0.058695652173913045
7 0.5485294117647059 0.46956521739130436 0.22647058823529412 0.05652173913043478
1 0.5029411764705882 0.5152173913043478 0.1338235294117647 0.034782608695652174
0 0.5470588235294118 0.558695652173913 0.1588235294117647 0.05652173913043478
10 0.5014705882352941 0.6065217391304348 0.1323529411764706 0.034782608695652174
5 0.6764705882352942 0.6065217391304348 0.13529411764705881 0.034782608695652174
3 0.5102941176470588 0.65 0.14852941176470588 0.05652173913043478
6 0.5117647058823529 0.6956521739130435 0.15 0.034782608695652174
4 0.5426470588235294 0.7456521739130435 0.21470588235294116 0.06304347826086956
2 0.4676470588235294 0.8108695652173913 0.061764705882352944 0.05217391304347826
8 0.3176470588235294 0.5804347826086956 0.16323529411764706 0.34782608695652173
9 0.3191176470588235 0.7934782608695652 0.08970588235294118 0.07608695652173914