11 0.42205882352941176 0.3217391304347826 0.15294117647058825 0.05
7 0.4602941176470588 0.3760869565217391 0.2338235294117647 0.05434782608695652
1 0.41323529411764703 0.41956521739130437 0.13676470588235295 0.030434782608695653
0 0.4852941176470588 0.4608695652173913 0.19705882352941176 0.05217391304347826
10 0.41323529411764703 0.5108695652173914 0.13970588235294118 0.03260869565217391
5 0.6 0.5130434782608696 0.13676470588235295 0.03695652173913044
3 0.42058823529411765 0.5521739130434783 0.15588235294117647 0.05
6 0.4161764705882353 0.5978260869565217 0.14852941176470588 0.03260869565217391
4 0.4632352941176471 0.6369565217391304 0.2411764705882353 0.05
2 0.4323529411764706 0.7195652173913043 0.18382352941176472 0.08478260869565217
8 0.2426470588235294 0.49130434782608695 0.15735294117647058 0.34347826086956523
9 0.24558823529411763 0.7391304347826086 0.1323529411764706 0.13260869565217392