11 0.5117647058823529 0.26956521739130435 0.18088235294117647 0.08695652173913043
7 0.5955882352941176 0.36086956521739133 0.34852941176470587 0.0891304347826087
1 0.5147058823529411 0.43043478260869567 0.18529411764705883 0.04782608695652174
0 0.5808823529411765 0.5 0.18970588235294117 0.09347826086956522
10 0.513235294117647 0.5739130434782609 0.18970588235294117 0.041304347826086954
5 0.8102941176470588 0.5739130434782609 0.18823529411764706 0.04565217391304348
3 0.5308823529411765 0.6456521739130435 0.22205882352941175 0.09130434782608696
6 0.5235294117647059 0.717391304347826 0.2088235294117647 0.03695652173913044
4 0.5882352941176471 0.7934782608695652 0.3397058823529412 0.09130434782608696
2 0.47205882352941175 0.8782608695652174 0.10735294117647058 0.06521739130434782
8 0.2338235294117647 0.5065217391304347 0.23088235294117648 0.508695652173913
9 0.21764705882352942 0.8304347826086956 0.1588235294117647 0.12608695652173912