11 0.4676470588235294 0.2847826086956522 0.22794117647058823 0.06304347826086956
7 0.5220588235294118 0.35434782608695653 0.33676470588235297 0.06956521739130435
1 0.4411764705882353 0.4152173913043478 0.16911764705882354 0.034782608695652174
0 0.5514705882352942 0.4673913043478261 0.29558823529411765 0.07173913043478261
10 0.4411764705882353 0.5347826086956522 0.17205882352941176 0.04565217391304348
5 0.6617647058823529 0.5304347826086957 0.17205882352941176 0.04565217391304348
3 0.4514705882352941 0.591304347826087 0.19117647058823528 0.06521739130434782
6 0.45441176470588235 0.658695652173913 0.19411764705882353 0.0391304347826087
4 0.5308823529411765 0.7108695652173913 0.34852941176470587 0.06739130434782609
2 0.42205882352941176 0.8 0.13529411764705881 0.06521739130434782
8 0.2073529411764706 0.5130434782608696 0.19852941176470587 0.4391304347826087
9 0.18088235294117647 0.7782608695652173 0.11323529411764706 0.0782608695652174