11 0.4808823529411765 0.45 0.11176470588235295 0.03695652173913044
7 0.5117647058823529 0.4891304347826087 0.16911764705882354 0.03695652173913044
1 0.47941176470588237 0.5239130434782608 0.10588235294117647 0.01956521739130435
0 0.5044117647058823 0.5543478260869565 0.09411764705882353 0.0391304347826087
10 0.47941176470588237 0.591304347826087 0.10441176470588236 0.02391304347826087
5 0.6367647058823529 0.5869565217391305 0.11911764705882352 0.02608695652173913
3 0.48676470588235293 0.6195652173913043 0.1161764705882353 0.0391304347826087
6 0.48970588235294116 0.6543478260869565 0.11911764705882352 0.02608695652173913
4 0.5176470588235295 0.6847826086956522 0.17647058823529413 0.041304347826086954
2 0.4838235294117647 0.7347826086956522 0.10735294117647058 0.034782608695652174
8 0.3602941176470588 0.5869565217391305 0.11911764705882352 0.24130434782608695
9 0.3426470588235294 0.7326086956521739 0.058823529411764705 0.04565217391304348