11 0.42058823529411765 0.26956521739130435 0.125 0.05217391304347826
7 0.4823529411764706 0.33043478260869563 0.2485294117647059 0.058695652173913045
1 0.4308823529411765 0.3782608695652174 0.14705882352941177 0.034782608695652174
0 0.4852941176470588 0.4260869565217391 0.17794117647058824 0.06086956521739131
10 0.4294117647058823 0.48043478260869565 0.15 0.03695652173913044
5 0.6235294117647059 0.4826086956521739 0.15 0.03695652173913044
3 0.43676470588235294 0.532608695652174 0.16176470588235295 0.05652173913043478
6 0.4411764705882353 0.591304347826087 0.17205882352941176 0.030434782608695653
4 0.48970588235294116 0.6391304347826087 0.2735294117647059 0.05652173913043478
2 0.425 0.7152173913043478 0.14705882352941177 0.05652173913043478
8 0.225 0.45869565217391306 0.1661764705882353 0.39565217391304347
9 0.23088235294117648 0.7152173913043478 0.18088235294117647 0.1