11 0.42205882352941176 0.2782608695652174 0.18382352941176472 0.06956521739130435
7 0.5176470588235295 0.3630434782608696 0.375 0.07391304347826087
1 0.4264705882352941 0.43043478260869567 0.18676470588235294 0.041304347826086954
0 0.5 0.48695652173913045 0.22058823529411764 0.06956521739130435
10 0.4279411764705882 0.5543478260869565 0.18970588235294117 0.04782608695652174
5 0.7 0.55 0.19264705882352942 0.043478260869565216
3 0.43970588235294117 0.6152173913043478 0.21176470588235294 0.07391304347826087
6 0.4426470588235294 0.6826086956521739 0.21764705882352942 0.04782608695652174
4 0.47352941176470587 0.7434782608695653 0.27647058823529413 0.06739130434782609
2 0.38088235294117645 0.8173913043478261 0.09411764705882353 0.05652173913043478
8 0.19117647058823528 0.5195652173913043 0.22794117647058823 0.4673913043478261
9 0.19852941176470587 0.8282608695652174 0.19411764705882353 0.12391304347826088