11 0.5102941176470588 0.31956521739130433 0.17205882352941176 0.05434782608695652
7 0.5676470588235294 0.3826086956521739 0.2867647058823529 0.05652173913043478
1 0.4985294117647059 0.43478260869565216 0.14705882352941177 0.030434782608695653
0 0.5117647058823529 0.48043478260869565 0.09558823529411764 0.058695652173913045
10 0.4985294117647059 0.5347826086956522 0.14705882352941177 0.03260869565217391
5 0.6867647058823529 0.5347826086956522 0.15 0.03260869565217391
3 0.5044117647058823 0.5826086956521739 0.16323529411764706 0.05434782608695652
6 0.5088235294117647 0.6391304347826087 0.1676470588235294 0.030434782608695653
4 0.49264705882352944 0.6847826086956522 0.13676470588235295 0.05434782608695652
2 0.513235294117647 0.7565217391304347 0.17941176470588235 0.05217391304347826
8 0.2897058823529412 0.5043478260869565 0.17352941176470588 0.3760869565217391
9 0.3014705882352941 0.7652173913043478 0.18823529411764706 0.13260869565217392