11 0.4632352941176471 0.29347826086956524 0.20294117647058824 0.06739130434782609
7 0.538235294117647 0.3695652173913043 0.35 0.06521739130434782
1 0.45 0.43043478260869567 0.17205882352941176 0.0391304347826087
0 0.5455882352941176 0.48043478260869565 0.25735294117647056 0.06304347826086956
10 0.45 0.5413043478260869 0.17205882352941176 0.041304347826086954
5 0.6911764705882353 0.5391304347826087 0.17205882352941176 0.04565217391304348
3 0.4602941176470588 0.5978260869565217 0.2 0.06304347826086956
6 0.46176470588235297 0.6565217391304348 0.20147058823529412 0.0391304347826087
4 0.5191176470588236 0.7130434782608696 0.31323529411764706 0.06956521739130435
2 0.40588235294117647 0.782608695652174 0.08529411764705883 0.05217391304347826
8 0.2161764705882353 0.5173913043478261 0.19411764705882353 0.41956521739130437
9 0.18676470588235294 0.7891304347826087 0.09117647058823529 0.09347826086956522