11 0.5220588235294118 0.2565217391304348 0.17647058823529413 0.06086956521739131
7 0.6147058823529412 0.3239130434782609 0.36323529411764705 0.06521739130434782
1 0.5073529411764706 0.3739130434782609 0.14852941176470588 0.03260869565217391
0 0.5897058823529412 0.4260869565217391 0.2411764705882353 0.06086956521739131
10 0.5058823529411764 0.47608695652173916 0.15 0.03695652173913044
5 0.7014705882352941 0.48043478260869565 0.14705882352941177 0.043478260869565216
3 0.5161764705882353 0.5260869565217391 0.1676470588235294 0.06086956521739131
6 0.5220588235294118 0.5804347826086956 0.18088235294117647 0.03695652173913044
4 0.5691176470588235 0.6347826086956522 0.27647058823529413 0.06521739130434782
2 0.48823529411764705 0.7021739130434783 0.11176470588235295 0.05217391304347826
8 0.31029411764705883 0.45652173913043476 0.18088235294117647 0.391304347826087
9 0.2838235294117647 0.7304347826086957 0.1 0.12608695652173912