11 0.4279411764705882 0.29347826086956524 0.16029411764705884 0.058695652173913045
7 0.4970588235294118 0.3521739130434783 0.2985294117647059 0.058695652173913045
1 0.4176470588235294 0.39565217391304347 0.14411764705882352 0.03260869565217391
0 0.475 0.4391304347826087 0.18823529411764706 0.06086956521739131
10 0.4161764705882353 0.48695652173913045 0.14411764705882352 0.03260869565217391
5 0.5955882352941176 0.4891304347826087 0.1323529411764706 0.034782608695652174
3 0.425 0.5347826086956522 0.16029411764705884 0.058695652173913045
6 0.4264705882352941 0.5826086956521739 0.1676470588235294 0.03260869565217391
4 0.4602941176470588 0.6347826086956522 0.2338235294117647 0.06304347826086956
2 0.4279411764705882 0.6956521739130435 0.16911764705882354 0.05652173913043478
8 0.21764705882352942 0.47391304347826085 0.18382352941176472 0.36086956521739133
9 0.18823529411764706 0.7108695652173913 0.08088235294117647 0.08478260869565217