11 0.4470588235294118 0.2391304347826087 0.20147058823529412 0.08695652173913043
7 0.5661764705882353 0.3347826086956522 0.4411764705882353 0.09130434782608696
1 0.4485294117647059 0.4043478260869565 0.21176470588235294 0.04782608695652174
0 0.4852941176470588 0.46956521739130436 0.16323529411764706 0.0782608695652174
10 0.4455882352941177 0.5369565217391304 0.21176470588235294 0.05434782608695652
5 0.7382352941176471 0.5347826086956522 0.20588235294117646 0.05652173913043478
3 0.46176470588235297 0.6043478260869565 0.23676470588235293 0.08260869565217391
6 0.46176470588235297 0.6739130434782609 0.23823529411764705 0.04565217391304348
4 0.45441176470588235 0.7434782608695653 0.2235294117647059 0.08043478260869565
2 0.4117647058823529 0.8260869565217391 0.14411764705882352 0.06739130434782609
8 0.16911764705882354 0.5 0.22941176470588234 0.508695652173913
9 0.17205882352941176 0.8391304347826087 0.18088235294117647 0.09347826086956522