11 0.45294117647058824 0.23695652173913043 0.2073529411764706 0.07391304347826087
7 0.5323529411764706 0.31521739130434784 0.36764705882352944 0.0782608695652174
1 0.4470588235294118 0.3826086956521739 0.19558823529411765 0.041304347826086954
0 0.4852941176470588 0.4434782608695652 0.1661764705882353 0.08043478260869565
10 0.4441176470588235 0.5173913043478261 0.19558823529411765 0.0391304347826087
5 0.6970588235294117 0.5195652173913043 0.19411764705882353 0.043478260869565216
3 0.45441176470588235 0.5847826086956521 0.2161764705882353 0.07608695652173914
6 0.4602941176470588 0.6608695652173913 0.22794117647058823 0.0391304347826087
4 0.49558823529411766 0.7217391304347827 0.3 0.07391304347826087
2 0.46911764705882353 0.8239130434782609 0.2514705882352941 0.07608695652173914
8 0.1676470588235294 0.4891304347826087 0.22941176470588234 0.5130434782608696
9 0.16911764705882354 0.85 0.21029411764705883 0.15