11 0.5147058823529411 0.2326086956521739 0.2691176470588235 0.07608695652173914
7 0.5779411764705882 0.31956521739130433 0.39705882352941174 0.08478260869565217
1 0.4852941176470588 0.3934782608695652 0.2073529411764706 0.043478260869565216
0 0.6279411764705882 0.45652173913043476 0.3720588235294118 0.07608695652173914
10 0.4823529411764706 0.5304347826086957 0.20441176470588235 0.05
5 0.7661764705882353 0.5282608695652173 0.2088235294117647 0.04782608695652174
3 0.5 0.6 0.23970588235294119 0.07391304347826087
6 0.5 0.6782608695652174 0.23970588235294119 0.043478260869565216
4 0.6 0.7456521739130435 0.43970588235294117 0.07608695652173914
2 0.4985294117647059 0.8217391304347826 0.23676470588235293 0.06521739130434782
8 0.19558823529411765 0.4934782608695652 0.23676470588235293 0.5130434782608696
9 0.2411764705882353 0.8173913043478261 0.19705882352941176 0.11739130434782609