11 0.4764705882352941 0.35 0.1411764705882353 0.05217391304347826
7 0.5573529411764706 0.4108695652173913 0.3058823529411765 0.05434782608695652
1 0.47058823529411764 0.45652173913043476 0.13529411764705881 0.02826086956521739
0 0.5411764705882353 0.49782608695652175 0.19705882352941176 0.05
10 0.46911764705882353 0.5434782608695652 0.1323529411764706 0.03260869565217391
5 0.6588235294117647 0.5434782608695652 0.13088235294117648 0.03260869565217391
3 0.47941176470588237 0.5869565217391305 0.15 0.05217391304347826
6 0.4823529411764706 0.6304347826086957 0.15588235294117647 0.030434782608695653
4 0.5205882352941177 0.6760869565217391 0.2338235294117647 0.05
2 0.43529411764705883 0.7282608695652174 0.06470588235294118 0.043478260869565216
8 0.2911764705882353 0.5217391304347826 0.15 0.32608695652173914
9 0.28823529411764703 0.741304347826087 0.09852941176470588 0.09565217391304348