11 0.45294117647058824 0.25217391304347825 0.21764705882352942 0.08043478260869565
7 0.5632352941176471 0.34347826086956523 0.43823529411764706 0.08478260869565217
1 0.4470588235294118 0.4108695652173913 0.20441176470588235 0.04782608695652174
0 0.4852941176470588 0.46956521739130436 0.1588235294117647 0.07391304347826087
10 0.4455882352941177 0.5347826086956522 0.20588235294117646 0.05652173913043478
5 0.7411764705882353 0.5369565217391304 0.2073529411764706 0.05434782608695652
3 0.46176470588235297 0.6043478260869565 0.23529411764705882 0.07608695652173914
6 0.46176470588235297 0.6673913043478261 0.2338235294117647 0.04782608695652174
4 0.45294117647058824 0.7369565217391304 0.22058823529411764 0.07608695652173914
2 0.3941176470588235 0.8130434782608695 0.10294117647058823 0.06086956521739131
8 0.17058823529411765 0.5043478260869565 0.23529411764705882 0.48478260869565215
9 0.19264705882352942 0.8434782608695652 0.21764705882352942 0.16956521739130434