11 0.4852941176470588 0.43478260869565216 0.12205882352941176 0.05
7 0.5558823529411765 0.49130434782608695 0.2647058823529412 0.05434782608695652
1 0.5029411764705882 0.5434782608695652 0.16029411764705884 0.034782608695652174
0 0.5823529411764706 0.5869565217391305 0.20588235294117646 0.05434782608695652
10 0.5014705882352941 0.6413043478260869 0.15735294117647058 0.034782608695652174
5 0.7058823529411765 0.6391304347826087 0.16176470588235295 0.03260869565217391
3 0.5117647058823529 0.6869565217391305 0.17647058823529413 0.05652173913043478
6 0.5102941176470588 0.7347826086956522 0.17352941176470588 0.034782608695652174
4 0.5558823529411765 0.7804347826086957 0.2676470588235294 0.05217391304347826
2 0.49264705882352944 0.8347826086956521 0.13676470588235295 0.05434782608695652
8 0.3352941176470588 0.6021739130434782 0.1676470588235294 0.3565217391304348
9 0.3220588235294118 0.8543478260869565 0.09558823529411764 0.1