11 0.4514705882352941 0.26304347826086955 0.1676470588235294 0.0782608695652174
7 0.5308823529411765 0.3456521739130435 0.3235294117647059 0.07173913043478261
1 0.46176470588235297 0.40652173913043477 0.18235294117647058 0.041304347826086954
0 0.5338235294117647 0.4608695652173913 0.22794117647058823 0.06956521739130435
10 0.4632352941176471 0.5260869565217391 0.18676470588235294 0.04565217391304348
5 0.7279411764705882 0.5260869565217391 0.17941176470588235 0.04565217391304348
3 0.47058823529411764 0.5826086956521739 0.20294117647058824 0.06956521739130435
6 0.47352941176470587 0.6478260869565218 0.20588235294117646 0.0391304347826087
4 0.5088235294117647 0.7065217391304348 0.27647058823529413 0.07173913043478261
2 0.4573529411764706 0.782608695652174 0.17205882352941176 0.06304347826086956
8 0.21764705882352942 0.48695652173913045 0.21029411764705883 0.43478260869565216
9 0.2323529411764706 0.7913043478260869 0.23529411764705882 0.1108695652173913