11 0.4161764705882353 0.34782608695652173 0.15735294117647058 0.06086956521739131
7 0.4823529411764706 0.41304347826086957 0.2985294117647059 0.06086956521739131
1 0.42205882352941176 0.46956521739130436 0.175 0.034782608695652174
0 0.5058823529411764 0.5173913043478261 0.22205882352941175 0.05434782608695652
10 0.42058823529411765 0.5739130434782609 0.17647058823529413 0.03260869565217391
5 0.65 0.5760869565217391 0.17794117647058824 0.0391304347826087
3 0.4323529411764706 0.6260869565217392 0.2 0.06086956521739131
6 0.4279411764705882 0.6826086956521739 0.19264705882352942 0.02826086956521739
4 0.475 0.7304347826086957 0.2852941176470588 0.05652173913043478
2 0.4338235294117647 0.8 0.20294117647058824 0.06086956521739131
8 0.22794117647058823 0.5456521739130434 0.18529411764705883 0.3826086956521739
9 0.22941176470588234 0.808695652173913 0.1676470588235294 0.13695652173913042