11 0.4852941176470588 0.3826086956521739 0.09117647058823529 0.0391304347826087
7 0.5205882352941177 0.42391304347826086 0.16323529411764706 0.0391304347826087
1 0.48676470588235293 0.4543478260869565 0.09264705882352942 0.01956521739130435
0 0.5455882352941176 0.4826086956521739 0.17058823529411765 0.03695652173913044
10 0.4852941176470588 0.5108695652173914 0.09117647058823529 0.021739130434782608
5 0.6367647058823529 0.5152173913043478 0.09852941176470588 0.030434782608695653
3 0.48970588235294116 0.5413043478260869 0.1 0.0391304347826087
6 0.48970588235294116 0.5717391304347826 0.10588235294117647 0.017391304347826087
4 0.5338235294117647 0.6 0.19264705882352942 0.03695652173913044
2 0.4823529411764706 0.6434782608695652 0.08823529411764706 0.04565217391304348
8 0.35294117647058826 0.4934782608695652 0.11176470588235295 0.23695652173913043
9 0.3411764705882353 0.6521739130434783 0.06911764705882353 0.04782608695652174