11 0.48970588235294116 0.3826086956521739 0.14558823529411766 0.06739130434782609
7 0.5573529411764706 0.45 0.2823529411764706 0.06521739130434782
1 0.49558823529411766 0.5065217391304347 0.15735294117647058 0.03695652173913044
0 0.6044117647058823 0.5543478260869565 0.2823529411764706 0.06086956521739131
10 0.49411764705882355 0.6065217391304348 0.16029411764705884 0.034782608695652174
5 0.7088235294117647 0.6108695652173913 0.15735294117647058 0.03695652173913044
3 0.5044117647058823 0.658695652173913 0.17647058823529413 0.06086956521739131
6 0.5058823529411764 0.717391304347826 0.18382352941176472 0.03695652173913044
4 0.5794117647058824 0.7717391304347826 0.33088235294117646 0.06086956521739131
2 0.45441176470588235 0.8304347826086956 0.08235294117647059 0.05217391304347826
8 0.275 0.5630434782608695 0.17647058823529413 0.391304347826087
9 0.2897058823529412 0.8260869565217391 0.14558823529411766 0.08260869565217391