11 0.4588235294117647 0.2608695652173913 0.175 0.06956521739130435
7 0.5176470588235295 0.3456521739130435 0.2926470588235294 0.07391304347826087
1 0.4647058823529412 0.41304347826086957 0.18676470588235294 0.0391304347826087
0 0.4985294117647059 0.46956521739130436 0.14705882352941177 0.07391304347826087
10 0.4661764705882353 0.5391304347826087 0.19411764705882353 0.04565217391304348
5 0.75 0.5413043478260869 0.18970588235294117 0.05
3 0.4764705882352941 0.6043478260869565 0.21911764705882353 0.07608695652173914
6 0.47941176470588237 0.6673913043478261 0.21911764705882353 0.043478260869565216
4 0.5323529411764706 0.7304347826086957 0.3191176470588235 0.07391304347826087
2 0.43970588235294117 0.8108695652173913 0.13676470588235295 0.06521739130434782
8 0.2088235294117647 0.5021739130434782 0.225 0.46304347826086956
9 0.20588235294117646 0.8326086956521739 0.17794117647058824 0.18043478260869567