11 0.47941176470588237 0.23695652173913043 0.22647058823529412 0.07608695652173914
7 0.5735294117647058 0.32608695652173914 0.41323529411764703 0.0891304347826087
1 0.4647058823529412 0.3978260869565217 0.19264705882352942 0.041304347826086954
0 0.6220588235294118 0.4608695652173913 0.38235294117647056 0.08043478260869565
10 0.46911764705882353 0.5369565217391304 0.2088235294117647 0.05434782608695652
5 0.7544117647058823 0.5347826086956522 0.19852941176470587 0.06521739130434782
3 0.4823529411764706 0.6065217391304348 0.2338235294117647 0.07608695652173914
6 0.4764705882352941 0.6717391304347826 0.21764705882352942 0.05
4 0.5544117647058824 0.7391304347826086 0.3764705882352941 0.08260869565217391
2 0.43529411764705883 0.8260869565217391 0.13970588235294118 0.07173913043478261
8 0.19411764705882353 0.508695652173913 0.2323529411764706 0.5108695652173914
9 0.15441176470588236 0.8304347826086956 0.11911764705882352 0.09782608695652174