11 0.4264705882352941 0.3782608695652174 0.1338235294117647 0.04782608695652174
7 0.49117647058823527 0.4260869565217391 0.26323529411764707 0.04782608695652174
1 0.42058823529411765 0.4673913043478261 0.11911764705882352 0.02608695652173913
0 0.47941176470588237 0.5021739130434782 0.175 0.05
10 0.42205882352941176 0.55 0.12205882352941176 0.02826086956521739
5 0.5691176470588235 0.5456521739130434 0.11764705882352941 0.03260869565217391
3 0.4294117647058823 0.5869565217391305 0.1323529411764706 0.04565217391304348
6 0.4308823529411765 0.6304347826086957 0.13676470588235295 0.02826086956521739
4 0.4661764705882353 0.6630434782608695 0.2 0.043478260869565216
2 0.42205882352941176 0.7217391304347827 0.11029411764705882 0.04565217391304348
8 0.25882352941176473 0.5347826086956522 0.1514705882352941 0.2956521739130435
9 0.25441176470588234 0.7391304347826086 0.07941176470588235 0.09782608695652174