11 0.5014705882352941 0.2782608695652174 0.20294117647058824 0.07391304347826087
7 0.5558823529411765 0.35434782608695653 0.3191176470588235 0.07608695652173914
1 0.4852941176470588 0.41956521739130437 0.17647058823529413 0.04565217391304348
0 0.5338235294117647 0.4826086956521739 0.19117647058823528 0.0782608695652174
10 0.48823529411764705 0.5478260869565217 0.18235294117647058 0.04565217391304348
5 0.7264705882352941 0.5434782608695652 0.18088235294117647 0.04782608695652174
3 0.4985294117647059 0.6086956521739131 0.20294117647058824 0.07173913043478261
6 0.5044117647058823 0.6739130434782609 0.21029411764705883 0.04565217391304348
4 0.5176470588235295 0.7347826086956522 0.23529411764705882 0.07173913043478261
2 0.4411764705882353 0.8260869565217391 0.08823529411764706 0.06521739130434782
8 0.23529411764705882 0.5478260869565217 0.21470588235294116 0.45869565217391306
9 0.2926470588235294 0.8782608695652174 0.1514705882352941 0.13043478260869565