11 0.4676470588235294 0.41739130434782606 0.11470588235294117 0.04565217391304348
7 0.5044117647058823 0.4652173913043478 0.18823529411764706 0.043478260869565216
1 0.4632352941176471 0.5 0.10882352941176471 0.02391304347826087
0 0.538235294117647 0.5369565217391304 0.19852941176470587 0.04565217391304348
10 0.4632352941176471 0.5782608695652174 0.11176470588235295 0.02608695652173913
5 0.6044117647058823 0.5782608695652174 0.10882352941176471 0.02608695652173913
3 0.47058823529411764 0.6152173913043478 0.12352941176470589 0.041304347826086954
6 0.47058823529411764 0.6565217391304348 0.12794117647058822 0.02391304347826087
4 0.513235294117647 0.6934782608695652 0.21176470588235294 0.04565217391304348
2 0.4338235294117647 0.7521739130434782 0.054411764705882354 0.04565217391304348
8 0.31029411764705883 0.5695652173913044 0.12794117647058822 0.27391304347826084
9 0.3088235294117647 0.7608695652173914 0.11470588235294117 0.09130434782608696