11 0.47794117647058826 0.3978260869565217 0.14705882352941177 0.05652173913043478
7 0.5514705882352942 0.4608695652173913 0.29558823529411765 0.05652173913043478
1 0.47205882352941175 0.5065217391304347 0.13823529411764707 0.030434782608695653
0 0.5573529411764706 0.5521739130434783 0.22647058823529412 0.05
10 0.47058823529411764 0.5956521739130435 0.13823529411764707 0.034782608695652174
5 0.6661764705882353 0.5956521739130435 0.13529411764705881 0.03260869565217391
3 0.47941176470588237 0.6413043478260869 0.15294117647058825 0.05434782608695652
6 0.4823529411764706 0.6891304347826087 0.15735294117647058 0.030434782608695653
4 0.5102941176470588 0.7326086956521739 0.2161764705882353 0.05434782608695652
2 0.4985294117647059 0.7891304347826087 0.19117647058823528 0.041304347826086954
8 0.2852941176470588 0.5717391304347826 0.15735294117647058 0.33695652173913043
9 0.2838235294117647 0.8021739130434783 0.10294117647058823 0.09782608695652174