11 0.475 0.2891304347826087 0.175 0.06304347826086956
7 0.525 0.36086956521739133 0.275 0.06304347826086956
1 0.47058823529411764 0.41956521739130437 0.1661764705882353 0.034782608695652174
0 0.5588235294117647 0.4673913043478261 0.24558823529411763 0.06956521739130435
10 0.46911764705882353 0.5369565217391304 0.1661764705882353 0.03260869565217391
5 0.6911764705882353 0.5347826086956522 0.1676470588235294 0.03695652173913044
3 0.4808823529411765 0.5934782608695652 0.18529411764705883 0.06086956521739131
6 0.4838235294117647 0.658695652173913 0.18970588235294117 0.034782608695652174
4 0.538235294117647 0.7086956521739131 0.29411764705882354 0.06956521739130435
2 0.47058823529411764 0.8 0.16470588235294117 0.06304347826086956
8 0.23676470588235293 0.5108695652173914 0.2073529411764706 0.44130434782608696
9 0.2485294117647059 0.8173913043478261 0.1588235294117647 0.1