11 0.45588235294117646 0.34347826086956523 0.19852941176470587 0.07173913043478261
7 0.5235294117647059 0.41739130434782606 0.33676470588235297 0.06956521739130435
1 0.43823529411764706 0.48043478260869565 0.16470588235294117 0.043478260869565216
0 0.5073529411764706 0.5369565217391304 0.22205882352941175 0.06739130434782609
10 0.43823529411764706 0.5956521739130435 0.16470588235294117 0.03695652173913044
5 0.663235294117647 0.5934782608695652 0.1661764705882353 0.03695652173913044
3 0.45 0.6565217391304348 0.18676470588235294 0.06739130434782609
6 0.45294117647058824 0.717391304347826 0.19264705882352942 0.03695652173913044
4 0.5117647058823529 0.7760869565217391 0.3073529411764706 0.06739130434782609
2 0.39705882352941174 0.8586956521739131 0.08088235294117647 0.06086956521739131
8 0.20441176470588235 0.591304347826087 0.20441176470588235 0.4543478260869565
9 0.18529411764705883 0.8739130434782608 0.12794117647058822 0.09782608695652174