11 0.5 0.33043478260869563 0.22794117647058823 0.06521739130434782
7 0.5161764705882353 0.4 0.2647058823529412 0.058695652173913045
1 0.4602941176470588 0.45869565217391306 0.15294117647058825 0.034782608695652174
0 0.525 0.508695652173913 0.20294117647058824 0.058695652173913045
10 0.46176470588235297 0.5673913043478261 0.15735294117647058 0.0391304347826087
5 0.6705882352941176 0.5630434782608695 0.15441176470588236 0.0391304347826087
3 0.47205882352941175 0.6195652173913043 0.17794117647058824 0.06304347826086956
6 0.475 0.6760869565217391 0.18088235294117647 0.03260869565217391
4 0.525 0.7282608695652174 0.2823529411764706 0.06521739130434782
2 0.42058823529411765 0.8065217391304348 0.075 0.05652173913043478
8 0.23970588235294119 0.55 0.20294117647058824 0.41739130434782606
9 0.22941176470588234 0.8521739130434782 0.11470588235294117 0.06956521739130435