11 0.5073529411764706 0.2608695652173913 0.2647058823529412 0.08043478260869565
7 0.5897058823529412 0.3456521739130435 0.43676470588235294 0.08043478260869565
1 0.47205882352941175 0.4108695652173913 0.2 0.03695652173913044
0 0.5794117647058824 0.47608695652173916 0.31029411764705883 0.08260869565217391
10 0.47058823529411764 0.5543478260869565 0.20294117647058824 0.04782608695652174
5 0.7294117647058823 0.5565217391304348 0.20441176470588235 0.05217391304347826
3 0.4808823529411765 0.6195652173913043 0.22205882352941175 0.07608695652173914
6 0.4838235294117647 0.6934782608695652 0.2323529411764706 0.043478260869565216
4 0.55 0.758695652173913 0.36176470588235293 0.08260869565217391
2 0.5088235294117647 0.8630434782608696 0.28823529411764703 0.08260869565217391
8 0.18970588235294117 0.5021739130434782 0.22794117647058823 0.4956521739130435
9 0.2088235294117647 0.8586956521739131 0.27647058823529413 0.16304347826086957