11 0.5338235294117647 0.26956521739130435 0.2897058823529412 0.08695652173913043
7 0.5926470588235294 0.3739130434782609 0.41323529411764703 0.09782608695652174
1 0.47941176470588237 0.44782608695652176 0.19264705882352942 0.04782608695652174
0 0.6058823529411764 0.5217391304347826 0.3264705882352941 0.09782608695652174
10 0.47794117647058826 0.5978260869565217 0.18970588235294117 0.043478260869565216
5 0.7823529411764706 0.6 0.20588235294117646 0.058695652173913045
3 0.49558823529411766 0.6695652173913044 0.22647058823529412 0.08695652173913043
6 0.4852941176470588 0.7434782608695653 0.20588235294117646 0.04782608695652174
4 0.5720588235294117 0.8217391304347826 0.37941176470588234 0.09782608695652174
2 0.4573529411764706 0.9065217391304348 0.15 0.06739130434782609
8 0.18970588235294117 0.5195652173913043 0.24558823529411763 0.5369565217391304
9 0.17941176470588235 0.8913043478260869 0.18529411764705883 0.1673913043478261