11 0.47352941176470587 0.30869565217391304 0.16911764705882354 0.06304347826086956
7 0.5441176470588235 0.3760869565217391 0.31470588235294117 0.06521739130434782
1 0.46911764705882353 0.4260869565217391 0.1588235294117647 0.03260869565217391
0 0.5558823529411765 0.47391304347826085 0.24705882352941178 0.06739130434782609
10 0.46911764705882353 0.532608695652174 0.16323529411764706 0.0391304347826087
5 0.6735294117647059 0.5347826086956522 0.16029411764705884 0.0391304347826087
3 0.475 0.5869565217391305 0.175 0.06304347826086956
6 0.47941176470588237 0.65 0.18382352941176472 0.03695652173913044
4 0.5352941176470588 0.7 0.3 0.06304347826086956
2 0.4838235294117647 0.782608695652174 0.2 0.06304347826086956
8 0.24558823529411763 0.5065217391304347 0.18235294117647058 0.391304347826087
9 0.21323529411764705 0.7521739130434782 0.09264705882352942 0.06956521739130435