11 0.4602941176470588 0.25 0.09411764705882353 0.05217391304347826
7 0.5147058823529411 0.3065217391304348 0.20294117647058824 0.05
1 0.47794117647058826 0.35 0.12794117647058822 0.030434782608695653
0 0.5455882352941176 0.38913043478260867 0.19264705882352942 0.05652173913043478
10 0.47941176470588237 0.4391304347826087 0.125 0.034782608695652174
5 0.6470588235294118 0.44130434782608696 0.1323529411764706 0.03260869565217391
3 0.48676470588235293 0.48478260869565215 0.13970588235294118 0.05217391304347826
6 0.48970588235294116 0.532608695652174 0.14852941176470588 0.02826086956521739
4 0.5308823529411765 0.5739130434782609 0.23088235294117648 0.05434782608695652
2 0.47794117647058826 0.6369565217391304 0.125 0.05
8 0.3029411764705882 0.4217391304347826 0.15441176470588236 0.33260869565217394
9 0.3058823529411765 0.6673913043478261 0.12352941176470589 0.06521739130434782