11 0.4588235294117647 0.44782608695652176 0.09705882352941177 0.03695652173913044
7 0.5014705882352941 0.4891304347826087 0.18382352941176472 0.03695652173913044
1 0.45441176470588235 0.5195652173913043 0.08970588235294118 0.01956521739130435
0 0.4970588235294118 0.5478260869565217 0.12058823529411765 0.03260869565217391
10 0.45588235294117646 0.5760869565217391 0.09264705882352942 0.021739130434782608
5 0.5838235294117647 0.5760869565217391 0.08823529411764706 0.021739130434782608
3 0.46176470588235297 0.6065217391304348 0.10147058823529412 0.034782608695652174
6 0.4632352941176471 0.6347826086956522 0.10441176470588236 0.01956521739130435
4 0.4852941176470588 0.6652173913043479 0.14705882352941177 0.03260869565217391
2 0.4338235294117647 0.7 0.04264705882352941 0.02826086956521739
8 0.34411764705882353 0.5630434782608695 0.10735294117647058 0.21956521739130436
9 0.35441176470588237 0.7152173913043478 0.10294117647058823 0.07173913043478261