11 0.48970588235294116 0.38913043478260867 0.1514705882352941 0.05217391304347826
7 0.5735294117647058 0.4543478260869565 0.3176470588235294 0.06304347826086956
1 0.49117647058823527 0.5108695652173914 0.15441176470588236 0.034782608695652174
0 0.5955882352941176 0.5543478260869565 0.27205882352941174 0.058695652173913045
10 0.49264705882352944 0.6108695652173913 0.16176470588235295 0.034782608695652174
5 0.7029411764705882 0.6065217391304348 0.15588235294117647 0.03695652173913044
3 0.5014705882352941 0.6608695652173913 0.17647058823529413 0.05652173913043478
6 0.5044117647058823 0.717391304347826 0.18088235294117647 0.03260869565217391
4 0.5735294117647058 0.7695652173913043 0.3220588235294118 0.058695652173913045
2 0.5338235294117647 0.8282608695652174 0.23823529411764705 0.05217391304347826
8 0.2647058823529412 0.5978260869565217 0.18529411764705883 0.3804347826086957
9 0.28088235294117647 0.8608695652173913 0.10588235294117647 0.06304347826086956