11 0.4279411764705882 0.33695652173913043 0.14411764705882352 0.06956521739130435
7 0.47941176470588237 0.40217391304347827 0.25 0.06304347826086956
1 0.43529411764705883 0.45217391304347826 0.15735294117647058 0.030434782608695653
0 0.5205882352941177 0.5 0.22794117647058823 0.06304347826086956
10 0.43676470588235294 0.5543478260869565 0.15588235294117647 0.034782608695652174
5 0.6470588235294118 0.55 0.15294117647058825 0.034782608695652174
3 0.4470588235294118 0.6043478260869565 0.17647058823529413 0.06086956521739131
6 0.4441176470588235 0.6543478260869565 0.1676470588235294 0.034782608695652174
4 0.46911764705882353 0.7043478260869566 0.22058823529411764 0.06521739130434782
2 0.4117647058823529 0.782608695652174 0.10735294117647058 0.05434782608695652
8 0.23088235294117648 0.5478260869565217 0.19117647058823528 0.3934782608695652
9 0.20147058823529412 0.8130434782608695 0.06470588235294118 0.13260869565217392