11 0.4514705882352941 0.27608695652173915 0.19558823529411765 0.08043478260869565
7 0.5367647058823529 0.3630434782608696 0.36617647058823527 0.08478260869565217
1 0.46176470588235297 0.43478260869565216 0.20588235294117646 0.05
0 0.5691176470588235 0.4956521739130435 0.29558823529411765 0.0782608695652174
10 0.4661764705882353 0.5717391304347826 0.19558823529411765 0.05217391304347826
5 0.7191176470588235 0.5652173913043478 0.19705882352941176 0.05
3 0.47794117647058826 0.6304347826086957 0.2161764705882353 0.07173913043478261
6 0.4852941176470588 0.7 0.22205882352941175 0.043478260869565216
4 0.5397058823529411 0.7521739130434782 0.3323529411764706 0.06739130434782609
2 0.5088235294117647 0.8369565217391305 0.27647058823529413 0.06739130434782609
8 0.18382352941176472 0.5391304347826087 0.27647058823529413 0.4891304347826087
9 0.20588235294117646 0.8847826086956522 0.15294117647058825 0.07173913043478261