11 0.4514705882352941 0.4956521739130435 0.11029411764705882 0.043478260869565216
7 0.5058823529411764 0.5413043478260869 0.22058823529411764 0.043478260869565216
1 0.4485294117647059 0.5782608695652174 0.10588235294117647 0.02391304347826087
0 0.48823529411764705 0.6108695652173913 0.1323529411764706 0.041304347826086954
10 0.4485294117647059 0.6521739130434783 0.10735294117647058 0.021739130434782608
5 0.5852941176470589 0.6543478260869565 0.10588235294117647 0.02608695652173913
3 0.45441176470588235 0.6891304347826087 0.11764705882352941 0.041304347826086954
6 0.45588235294117646 0.7304347826086957 0.12058823529411765 0.01956521739130435
4 0.475 0.7630434782608696 0.16176470588235295 0.043478260869565216
2 0.4441176470588235 0.8195652173913044 0.10147058823529412 0.0391304347826087
8 0.3 0.6369565217391304 0.1264705882352941 0.27391304347826084
9 0.29705882352941176 0.8108695652173913 0.07205882352941176 0.06304347826086956