11 0.4808823529411765 0.46956521739130436 0.10882352941176471 0.03695652173913044
7 0.5058823529411764 0.508695652173913 0.15441176470588236 0.0391304347826087
1 0.47352941176470587 0.5391304347826087 0.08823529411764706 0.017391304347826087
0 0.5367647058823529 0.5673913043478261 0.1661764705882353 0.03695652173913044
10 0.475 0.6021739130434782 0.09264705882352942 0.02391304347826087
5 0.5911764705882353 0.6 0.09117647058823529 0.02391304347826087
3 0.47794117647058826 0.6326086956521739 0.10147058823529412 0.03260869565217391
6 0.4808823529411765 0.6673913043478261 0.10294117647058823 0.017391304347826087
4 0.5176470588235295 0.6934782608695652 0.17647058823529413 0.034782608695652174
2 0.475 0.741304347826087 0.08823529411764706 0.03695652173913044
8 0.34411764705882353 0.5978260869565217 0.11911764705882352 0.2217391304347826
9 0.36470588235294116 0.7565217391304347 0.12941176470588237 0.08260869565217391