11 0.4823529411764706 0.26304347826086955 0.06764705882352941 0.034782608695652174
7 0.5279411764705882 0.29782608695652174 0.16029411764705884 0.03260869565217391
1 0.4838235294117647 0.3239130434782609 0.07647058823529412 0.015217391304347827
0 0.5117647058823529 0.34782608695652173 0.08823529411764706 0.034782608695652174
10 0.4852941176470588 0.3782608695652174 0.07352941176470588 0.017391304347826087
5 0.5823529411764706 0.3760869565217391 0.07352941176470588 0.01956521739130435
3 0.48970588235294116 0.40217391304347827 0.0838235294117647 0.03260869565217391
6 0.49117647058823527 0.4282608695652174 0.0838235294117647 0.017391304347826087
4 0.5161764705882353 0.45217391304347826 0.1323529411764706 0.030434782608695653
2 0.4852941176470588 0.49130434782608695 0.07058823529411765 0.030434782608695653
8 0.38088235294117645 0.3630434782608696 0.08823529411764706 0.1934782608695652
9 0.3926470588235294 0.49130434782608695 0.09705882352941177 0.06086956521739131