11 0.45294117647058824 0.3826086956521739 0.10588235294117647 0.043478260869565216
7 0.5 0.43043478260869567 0.2 0.04782608695652174
1 0.45441176470588235 0.46956521739130436 0.11029411764705882 0.02826086956521739
0 0.5014705882352941 0.5043478260869565 0.14558823529411766 0.04565217391304348
10 0.45588235294117646 0.5456521739130434 0.11029411764705882 0.02608695652173913
5 0.6014705882352941 0.5413043478260869 0.11029411764705882 0.02826086956521739
3 0.4632352941176471 0.5804347826086956 0.125 0.041304347826086954
6 0.4632352941176471 0.6173913043478261 0.125 0.02608695652173913
4 0.49558823529411766 0.6565217391304348 0.18970588235294117 0.04565217391304348
2 0.4441176470588235 0.7086956521739131 0.08235294117647059 0.043478260869565216
8 0.3014705882352941 0.532608695652174 0.1338235294117647 0.2847826086956522
9 0.28088235294117647 0.7282608695652174 0.061764705882352944 0.05217391304347826