11 0.4279411764705882 0.32608695652173914 0.15441176470588236 0.05434782608695652
7 0.5102941176470588 0.38913043478260867 0.3235294117647059 0.05434782608695652
1 0.4279411764705882 0.44130434782608696 0.16029411764705884 0.034782608695652174
0 0.4588235294117647 0.48695652173913045 0.1161764705882353 0.05434782608695652
10 0.4264705882352941 0.5369565217391304 0.15735294117647058 0.03260869565217391
5 0.6338235294117647 0.5413043478260869 0.16029411764705884 0.03260869565217391
3 0.43529411764705883 0.5847826086956521 0.17647058823529413 0.05434782608695652
6 0.4308823529411765 0.6369565217391304 0.1676470588235294 0.034782608695652174
4 0.4308823529411765 0.6804347826086956 0.16911764705882354 0.04782608695652174
2 0.4117647058823529 0.7369565217391304 0.13970588235294118 0.043478260869565216
8 0.25735294117647056 0.5 0.16176470588235295 0.35
9 0.25735294117647056 0.7478260869565218 0.14705882352941177 0.1108695652173913