11 0.4573529411764706 0.29347826086956524 0.16911764705882354 0.06739130434782609
7 0.5176470588235295 0.3695652173913043 0.29705882352941176 0.06739130434782609
1 0.45588235294117646 0.4282608695652174 0.16911764705882354 0.03695652173913044
0 0.4970588235294118 0.4826086956521739 0.15 0.06304347826086956
10 0.45441176470588235 0.5369565217391304 0.17058823529411765 0.041304347826086954
5 0.7 0.5391304347826087 0.16911764705882354 0.043478260869565216
3 0.4661764705882353 0.5956521739130435 0.19411764705882353 0.06739130434782609
6 0.46911764705882353 0.6565217391304348 0.19705882352941176 0.0391304347826087
4 0.47205882352941175 0.7152173913043478 0.20294117647058824 0.06956521739130435
2 0.41323529411764703 0.782608695652174 0.0838235294117647 0.05217391304347826
8 0.22794117647058823 0.5152173913043478 0.18823529411764706 0.41956521739130437
9 0.22647058823529412 0.7956521739130434 0.13529411764705881 0.06304347826086956