11 0.4676470588235294 0.33695652173913043 0.10882352941176471 0.04782608695652174
7 0.5485294117647059 0.3847826086956522 0.2735294117647059 0.05
1 0.47205882352941175 0.4282608695652174 0.12352941176470589 0.02826086956521739
0 0.5117647058823529 0.4673913043478261 0.1426470588235294 0.04782608695652174
10 0.47058823529411764 0.5108695652173914 0.12205882352941176 0.030434782608695653
5 0.6397058823529411 0.508695652173913 0.125 0.02826086956521739
3 0.47794117647058826 0.5521739130434783 0.13970588235294118 0.05
6 0.4808823529411765 0.5956521739130435 0.14411764705882352 0.03260869565217391
4 0.4970588235294118 0.6391304347826087 0.17647058823529413 0.05217391304347826
2 0.45441176470588235 0.7 0.09264705882352942 0.041304347826086954
8 0.2911764705882353 0.4826086956521739 0.14411764705882352 0.3
9 0.31323529411764706 0.7021739130434783 0.16470588235294117 0.1108695652173913