11 0.47205882352941175 0.3391304347826087 0.10147058823529412 0.05
7 0.5470588235294118 0.39565217391304347 0.25735294117647056 0.058695652173913045
1 0.4764705882352941 0.4369565217391304 0.12352941176470589 0.02826086956521739
0 0.48676470588235293 0.47391304347826085 0.08088235294117647 0.05217391304347826
10 0.4764705882352941 0.5195652173913043 0.12352941176470589 0.02826086956521739
5 0.6294117647058823 0.5282608695652173 0.11470588235294117 0.03260869565217391
3 0.4823529411764706 0.558695652173913 0.13676470588235295 0.04565217391304348
6 0.4823529411764706 0.6065217391304348 0.1411764705882353 0.030434782608695653
4 0.4676470588235294 0.6456521739130435 0.11029411764705882 0.04565217391304348
2 0.43970588235294117 0.7086956521739131 0.060294117647058824 0.05434782608695652
8 0.3029411764705882 0.48043478260869565 0.1411764705882353 0.3130434782608696
9 0.2985294117647059 0.7021739130434783 0.09411764705882353 0.11739130434782609