11 0.49264705882352944 0.4 0.13970588235294118 0.04782608695652174
7 0.5397058823529411 0.44782608695652176 0.2411764705882353 0.05
1 0.4808823529411765 0.48695652173913045 0.125 0.02608695652173913
0 0.538235294117647 0.5260869565217391 0.17205882352941176 0.04565217391304348
10 0.47941176470588237 0.5695652173913044 0.12352941176470589 0.030434782608695653
5 0.638235294117647 0.5717391304347826 0.12205882352941176 0.02608695652173913
3 0.48676470588235293 0.6108695652173913 0.13970588235294118 0.043478260869565216
6 0.48970588235294116 0.658695652173913 0.1426470588235294 0.02826086956521739
4 0.525 0.7 0.21323529411764705 0.05
2 0.47794117647058826 0.7652173913043478 0.12205882352941176 0.05
8 0.3073529411764706 0.5543478260869565 0.1411764705882353 0.31521739130434784
9 0.3014705882352941 0.7804347826086957 0.12941176470588237 0.10434782608695652