11 0.43676470588235294 0.2217391304347826 0.175 0.0782608695652174
7 0.5441176470588235 0.31521739130434784 0.39558823529411763 0.08695652173913043
1 0.45588235294117646 0.3869565217391304 0.2161764705882353 0.04565217391304348
0 0.6529411764705882 0.4543478260869565 0.4852941176470588 0.08043478260869565
10 0.45441176470588235 0.5195652173913043 0.21176470588235294 0.04782608695652174
5 0.7544117647058823 0.5282608695652173 0.21029411764705883 0.05217391304347826
3 0.4676470588235294 0.591304347826087 0.23823529411764705 0.08043478260869565
6 0.3985294117647059 0.658695652173913 0.1 0.043478260869565216
4 0.6220588235294118 0.7304347826086957 0.5470588235294118 0.08260869565217391
2 0.4 0.8130434782608695 0.10588235294117647 0.06739130434782609
8 0.18235294117647058 0.48478260869565215 0.23823529411764705 0.508695652173913
9 0.19705882352941176 0.8065217391304348 0.16323529411764706 0.11521739130434783