11 0.41323529411764703 0.3565217391304348 0.15294117647058825 0.06956521739130435
7 0.5088235294117647 0.4326086956521739 0.34852941176470587 0.06739130434782609
1 0.4147058823529412 0.48478260869565215 0.16029411764705884 0.041304347826086954
0 0.49117647058823527 0.5347826086956522 0.21911764705882353 0.06304347826086956
10 0.4147058823529412 0.5847826086956521 0.15441176470588236 0.041304347826086954
5 0.6338235294117647 0.591304347826087 0.1514705882352941 0.043478260869565216
3 0.42205882352941176 0.6369565217391304 0.175 0.058695652173913045
6 0.425 0.6869565217391305 0.17794117647058824 0.0391304347826087
4 0.4676470588235294 0.741304347826087 0.26323529411764707 0.06521739130434782
2 0.38676470588235295 0.8 0.10588235294117647 0.05
8 0.19705882352941176 0.5543478260869565 0.18823529411764706 0.38913043478260867
9 0.2338235294117647 0.7934782608695652 0.12058823529411765 0.08695652173913043