11 0.47058823529411764 0.2782608695652174 0.2338235294117647 0.07391304347826087
7 0.5029411764705882 0.35 0.3014705882352941 0.06739130434782609
1 0.43676470588235294 0.4108695652173913 0.17205882352941176 0.0391304347826087
0 0.49264705882352944 0.4652173913043478 0.18823529411764706 0.07391304347826087
10 0.43823529411764706 0.5260869565217391 0.16911764705882354 0.0391304347826087
5 0.6588235294117647 0.5391304347826087 0.17941176470588235 0.04782608695652174
3 0.4441176470588235 0.5826086956521739 0.18529411764705883 0.06956521739130435
6 0.4485294117647059 0.6478260869565218 0.19264705882352942 0.04565217391304348
4 0.4647058823529412 0.7 0.2323529411764706 0.06521739130434782
2 0.4308823529411765 0.7847826086956522 0.16470588235294117 0.06956521739130435
8 0.2073529411764706 0.48478260869565215 0.19705882352941176 0.4391304347826087
9 0.18529411764705883 0.7869565217391304 0.11764705882352941 0.0891304347826087