11 0.5 0.24565217391304348 0.15441176470588236 0.04782608695652174
7 0.5455882352941176 0.2956521739130435 0.2426470588235294 0.05
1 0.4823529411764706 0.33695652173913043 0.1161764705882353 0.02608695652173913
0 0.55 0.3739130434782609 0.18970588235294117 0.05
10 0.4823529411764706 0.42391304347826086 0.1161764705882353 0.030434782608695653
5 0.638235294117647 0.41956521739130437 0.11764705882352941 0.02608695652173913
3 0.48823529411764705 0.4652173913043478 0.1323529411764706 0.04565217391304348
6 0.48970588235294116 0.508695652173913 0.13529411764705881 0.02826086956521739
4 0.5352941176470588 0.55 0.22205882352941175 0.05
2 0.47205882352941175 0.6108695652173913 0.09558823529411764 0.05
8 0.3176470588235294 0.4108695652173913 0.1426470588235294 0.31956521739130433
9 0.3352941176470588 0.6217391304347826 0.16323529411764706 0.07173913043478261