11 0.3941176470588235 0.358695652173913 0.13529411764705881 0.06086956521739131
7 0.4647058823529412 0.4260869565217391 0.27794117647058825 0.06521739130434782
1 0.4 0.48043478260869565 0.14852941176470588 0.03260869565217391
0 0.42205882352941176 0.532608695652174 0.10735294117647058 0.06521739130434782
10 0.40147058823529413 0.5934782608695652 0.14852941176470588 0.04565217391304348
5 0.6 0.5934782608695652 0.15588235294117647 0.04782608695652174
3 0.4117647058823529 0.6478260869565218 0.16911764705882354 0.06304347826086956
6 0.4147058823529412 0.7065217391304348 0.17794117647058824 0.03695652173913044
4 0.4279411764705882 0.758695652173913 0.2 0.06521739130434782
2 0.4 0.8391304347826087 0.14558823529411766 0.06086956521739131
8 0.19705882352941176 0.5717391304347826 0.17794117647058824 0.4152173913043478
9 0.15588235294117647 0.8652173913043478 0.07941176470588235 0.05217391304347826