11 0.45588235294117646 0.3347826086956522 0.13676470588235295 0.05652173913043478
7 0.5529411764705883 0.391304347826087 0.33088235294117646 0.05652173913043478
1 0.4573529411764706 0.43478260869565216 0.1426470588235294 0.03260869565217391
0 0.49411764705882355 0.4782608695652174 0.1264705882352941 0.05652173913043478
10 0.4573529411764706 0.5239130434782608 0.1411764705882353 0.03260869565217391
5 0.6455882352941177 0.5260869565217391 0.13970588235294118 0.03695652173913044
3 0.4632352941176471 0.5695652173913044 0.15588235294117647 0.05434782608695652
6 0.45441176470588235 0.6152173913043478 0.13970588235294118 0.034782608695652174
4 0.5323529411764706 0.6630434782608695 0.29558823529411765 0.05652173913043478
2 0.513235294117647 0.7304347826086957 0.26176470588235295 0.04782608695652174
8 0.275 0.508695652173913 0.15441176470588236 0.3282608695652174
9 0.27647058823529413 0.7108695652173913 0.1161764705882353 0.08695652173913043