11 0.4602941176470588 0.25 0.19852941176470587 0.07391304347826087
7 0.586764705882353 0.3347826086956522 0.45 0.0782608695652174
1 0.4632352941176471 0.4043478260869565 0.19852941176470587 0.041304347826086954
0 0.5882352941176471 0.46956521739130436 0.3382352941176471 0.08260869565217391
10 0.46176470588235297 0.5456521739130434 0.2 0.05
5 0.7220588235294118 0.5478260869565217 0.19852941176470587 0.04782608695652174
3 0.475 0.6152173913043478 0.22647058823529412 0.08260869565217391
6 0.47794117647058826 0.691304347826087 0.2323529411764706 0.041304347826086954
4 0.5338235294117647 0.7543478260869565 0.3426470588235294 0.0782608695652174
2 0.6485294117647059 0.8586956521739131 0.5808823529411765 0.0782608695652174
8 0.18382352941176472 0.5108695652173914 0.2323529411764706 0.5260869565217391
9 0.23676470588235293 0.8543478260869565 0.21764705882352942 0.14347826086956522