11 0.45588235294117646 0.3108695652173913 0.18970588235294117 0.07173913043478261
7 0.5397058823529411 0.3826086956521739 0.3588235294117647 0.07391304347826087
1 0.45 0.4391304347826087 0.17941176470588235 0.03695652173913044
0 0.49558823529411766 0.4956521739130435 0.16323529411764706 0.06521739130434782
10 0.4514705882352941 0.5565217391304348 0.18088235294117647 0.043478260869565216
5 0.6970588235294117 0.5543478260869565 0.18088235294117647 0.04565217391304348
3 0.46176470588235297 0.6152173913043478 0.20294117647058824 0.06956521739130435
6 0.4588235294117647 0.6739130434782609 0.19558823529411765 0.0391304347826087
4 0.5264705882352941 0.7304347826086957 0.32941176470588235 0.06956521739130435
2 0.4102941176470588 0.8217391304347826 0.09264705882352942 0.06304347826086956
8 0.23676470588235293 0.5478260869565217 0.21323529411764705 0.4391304347826087
9 0.2529411764705882 0.8630434782608696 0.20441176470588235 0.13695652173913042