11 0.45441176470588235 0.23695652173913043 0.2338235294117647 0.08260869565217391
7 0.5647058823529412 0.33695652173913043 0.45441176470588235 0.08260869565217391
1 0.4455882352941177 0.40869565217391307 0.2161764705882353 0.05
0 0.49411764705882355 0.47608695652173916 0.18235294117647058 0.08043478260869565
10 0.4485294117647059 0.5478260869565217 0.21470588235294116 0.05
5 0.7529411764705882 0.5391304347826087 0.2161764705882353 0.05434782608695652
3 0.46176470588235297 0.6152173913043478 0.2426470588235294 0.0782608695652174
6 0.4661764705882353 0.6847826086956522 0.24411764705882352 0.05
4 0.5558823529411765 0.7543478260869565 0.4235294117647059 0.0782608695652174
2 0.39705882352941174 0.8369565217391305 0.10294117647058823 0.06304347826086956
8 0.16029411764705884 0.5152173913043478 0.26323529411764707 0.5260869565217391
9 0.20294117647058824 0.8369565217391305 0.2073529411764706 0.1108695652173913