9 0.47205882352941175 0.29782608695652174 0.14705882352941177 0.07391304347826087
7 0.5676470588235294 0.3673913043478261 0.3411764705882353 0.06739130434782609
1 0.4764705882352941 0.42391304347826086 0.16029411764705884 0.043478260869565216
0 0.5470588235294118 0.4782608695652174 0.21911764705882353 0.06956521739130435
10 0.4764705882352941 0.532608695652174 0.16029411764705884 0.0391304347826087
5 0.6911764705882353 0.5347826086956522 0.16323529411764706 0.04565217391304348
3 0.48676470588235293 0.5847826086956521 0.17794117647058824 0.06739130434782609
6 0.49117647058823527 0.6434782608695652 0.18529411764705883 0.043478260869565216
4 0.5264705882352941 0.6978260869565217 0.25588235294117645 0.07391304347826087
2 0.43823529411764706 0.7739130434782608 0.07794117647058824 0.06304347826086956
8 0.2426470588235294 0.49782608695652175 0.21029411764705883 0.4260869565217391
9 0.2514705882352941 0.8043478260869565 0.16911764705882354 0.12173913043478261