9 0.47058823529411764 0.5043478260869565 0.10294117647058823 0.03695652173913044
7 0.5147058823529411 0.5434782608695652 0.19705882352941176 0.043478260869565216
1 0.47058823529411764 0.5782608695652174 0.10882352941176471 0.02608695652173913
0 0.5264705882352941 0.6108695652173913 0.15294117647058825 0.041304347826086954
10 0.46911764705882353 0.65 0.10441176470588236 0.02391304347826087
5 0.6161764705882353 0.6521739130434783 0.11029411764705882 0.030434782608695653
3 0.475 0.6826086956521739 0.12058823529411765 0.0391304347826087
6 0.47205882352941175 0.717391304347826 0.1161764705882353 0.02608695652173913
4 0.5088235294117647 0.7521739130434782 0.18970588235294117 0.041304347826086954
2 0.4602941176470588 0.8043478260869565 0.09117647058823529 0.04782608695652174
8 0.3426470588235294 0.6347826086956522 0.11764705882352941 0.26304347826086955
9 0.34705882352941175 0.7956521739130434 0.09117647058823529 0.05434782608695652