11 0.47352941176470587 0.5173913043478261 0.06764705882352941 0.02608695652173913
7 0.49558823529411766 0.5434782608695652 0.11176470588235295 0.02391304347826087
1 0.4676470588235294 0.5630434782608695 0.057352941176470586 0.013043478260869565
0 0.4985294117647059 0.5826086956521739 0.0838235294117647 0.02608695652173913
10 0.4676470588235294 0.6043478260869565 0.057352941176470586 0.013043478260869565
5 0.5455882352941176 0.6086956521739131 0.057352941176470586 0.017391304347826087
3 0.47058823529411764 0.6260869565217392 0.0661764705882353 0.02391304347826087
6 0.47058823529411764 0.65 0.06764705882352941 0.015217391304347827
4 0.48823529411764705 0.6717391304347826 0.10147058823529412 0.02608695652173913
2 0.4661764705882353 0.7 0.057352941176470586 0.02391304347826087
8 0.38382352941176473 0.5956521739130435 0.07058823529411765 0.15869565217391304
9 0.3779411764705882 0.691304347826087 0.039705882352941174 0.03260869565217391