11 0.5058823529411764 0.35434782608695653 0.16911764705882354 0.05434782608695652
7 0.5647058823529412 0.41739130434782606 0.28088235294117647 0.06304347826086956
1 0.49411764705882355 0.4652173913043478 0.13823529411764707 0.030434782608695653
0 0.5926470588235294 0.5108695652173914 0.2529411764705882 0.058695652173913045
10 0.49558823529411766 0.5630434782608695 0.1411764705882353 0.0391304347826087
5 0.6794117647058824 0.558695652173913 0.1411764705882353 0.03260869565217391
3 0.5058823529411764 0.6130434782608696 0.15441176470588236 0.05652173913043478
6 0.5088235294117647 0.6630434782608695 0.1588235294117647 0.034782608695652174
4 0.5602941176470588 0.7065217391304348 0.26323529411764707 0.05217391304347826
2 0.4985294117647059 0.7804347826086957 0.1411764705882353 0.06304347826086956
8 0.3014705882352941 0.5456521739130434 0.18088235294117647 0.391304347826087
9 0.3029411764705882 0.8108695652173913 0.14705882352941177 0.08260869565217391