11 0.47352941176470587 0.19130434782608696 0.18235294117647058 0.07173913043478261
7 0.5691176470588235 0.2673913043478261 0.3764705882352941 0.07173913043478261
1 0.47205882352941175 0.3282608695652174 0.18529411764705883 0.04565217391304348
0 0.5764705882352941 0.3847826086956522 0.2867647058823529 0.08043478260869565
10 0.47205882352941175 0.4543478260869565 0.19411764705882353 0.04565217391304348
5 0.711764705882353 0.4608695652173913 0.18676470588235294 0.05434782608695652
3 0.4823529411764706 0.5195652173913043 0.2088235294117647 0.07391304347826087
6 0.48823529411764705 0.5956521739130435 0.22058823529411764 0.043478260869565216
4 0.5529411764705883 0.6565217391304348 0.3514705882352941 0.08043478260869565
2 0.46911764705882353 0.7565217391304347 0.18676470588235294 0.07391304347826087
8 0.20588235294117646 0.4326086956521739 0.23823529411764705 0.5021739130434782
9 0.23970588235294119 0.8130434782608695 0.25 0.18043478260869567