11 0.47058823529411764 0.29347826086956524 0.25 0.06739130434782609
7 0.5485294117647059 0.36086956521739133 0.40588235294117647 0.06956521739130435
1 0.4441176470588235 0.4108695652173913 0.20588235294117646 0.041304347826086954
0 0.5647058823529412 0.4652173913043478 0.2911764705882353 0.07391304347826087
10 0.4455882352941177 0.5260869565217391 0.21470588235294116 0.041304347826086954
5 0.7 0.5347826086956522 0.19558823529411765 0.05
3 0.45441176470588235 0.5847826086956521 0.2338235294117647 0.07391304347826087
6 0.4573529411764706 0.6478260869565218 0.2426470588235294 0.05217391304347826
4 0.5308823529411765 0.7108695652173913 0.3926470588235294 0.0782608695652174
2 0.4661764705882353 0.7978260869565217 0.15 0.08260869565217391
9 0.22794117647058823 0.8021739130434783 0.2088235294117647 0.11521739130434783
8 0.19852941176470587 0.5152173913043478 0.21323529411764705 0.4282608695652174