11 0.4588235294117647 0.26521739130434785 0.17205882352941176 0.08260869565217391
7 0.5235294117647059 0.3456521739130435 0.3044117647058823 0.08043478260869565
1 0.45294117647058824 0.40869565217391307 0.16176470588235295 0.034782608695652174
0 0.5720588235294117 0.4717391304347826 0.2911764705882353 0.07608695652173914
10 0.4514705882352941 0.5347826086956522 0.1588235294117647 0.041304347826086954
5 0.7102941176470589 0.5347826086956522 0.1676470588235294 0.0391304347826087
3 0.4676470588235294 0.6 0.18970588235294117 0.07608695652173914
6 0.4588235294117647 0.6630434782608695 0.17205882352941176 0.03260869565217391
4 0.49558823529411766 0.7217391304347827 0.24558823529411763 0.08043478260869565
2 0.43676470588235294 0.7978260869565217 0.13088235294117648 0.06521739130434782
8 0.2073529411764706 0.47391304347826085 0.21470588235294116 0.45
9 0.17352941176470588 0.8021739130434783 0.09852941176470588 0.11739130434782609