11 0.42205882352941176 0.2217391304347826 0.13823529411764707 0.07391304347826087
7 0.5279411764705882 0.29347826086956524 0.34852941176470587 0.06739130434782609
1 0.4323529411764706 0.34782608695652173 0.1588235294117647 0.041304347826086954
0 0.5323529411764706 0.4 0.29705882352941176 0.06739130434782609
10 0.4294117647058823 0.4608695652173913 0.16323529411764706 0.03695652173913044
5 0.6882352941176471 0.46304347826086956 0.19117647058823528 0.04782608695652174
3 0.43970588235294117 0.5130434782608696 0.18382352941176472 0.06739130434782609
6 0.4470588235294118 0.5717391304347826 0.19117647058823528 0.041304347826086954
4 0.5191176470588236 0.6260869565217392 0.3397058823529412 0.06739130434782609
2 0.5352941176470588 0.7304347826086957 0.37941176470588234 0.06739130434782609
8 0.21470588235294116 0.45652173913043476 0.2 0.43043478260869567
9 0.17941176470588235 0.7869565217391304 0.125 0.11304347826086956