11 0.4573529411764706 0.35434782608695653 0.09117647058823529 0.0391304347826087
7 0.4970588235294118 0.3978260869565217 0.17205882352941176 0.03695652173913044
1 0.4588235294117647 0.4282608695652174 0.09264705882352942 0.021739130434782608
0 0.5455882352941176 0.4543478260869565 0.21029411764705883 0.030434782608695653
10 0.4602941176470588 0.48478260869565215 0.09264705882352942 0.021739130434782608
5 0.5897058823529412 0.48478260869565215 0.09558823529411764 0.02391304347826087
3 0.4661764705882353 0.5130434782608696 0.10588235294117647 0.034782608695652174
6 0.4676470588235294 0.5434782608695652 0.10882352941176471 0.01956521739130435
4 0.5323529411764706 0.5760869565217391 0.23823529411764705 0.034782608695652174
2 0.43676470588235294 0.6108695652173913 0.045588235294117645 0.02826086956521739
8 0.3397058823529412 0.47391304347826085 0.10588235294117647 0.22608695652173913
9 0.35294117647058826 0.6304347826086957 0.11029411764705882 0.07173913043478261