11 0.4676470588235294 0.3717391304347826 0.20441176470588235 0.05434782608695652
7 0.5117647058823529 0.44130434782608696 0.2926470588235294 0.06086956521739131
1 0.4470588235294118 0.49782608695652175 0.16176470588235295 0.034782608695652174
0 0.5191176470588236 0.5478260869565217 0.21323529411764705 0.06086956521739131
10 0.4441176470588235 0.6086956521739131 0.1588235294117647 0.041304347826086954
5 0.6808823529411765 0.6065217391304348 0.1676470588235294 0.04565217391304348
3 0.4588235294117647 0.6565217391304348 0.18676470588235294 0.05652173913043478
6 0.4602941176470588 0.7152173913043478 0.18823529411764706 0.041304347826086954
4 0.4985294117647059 0.7717391304347826 0.2647058823529412 0.06086956521739131
2 0.40588235294117647 0.85 0.08529411764705883 0.05434782608695652
8 0.21764705882352942 0.6065217391304348 0.18088235294117647 0.4108695652173913
9 0.20588235294117646 0.8869565217391304 0.1514705882352941 0.10217391304347827