11 0.4632352941176471 0.25869565217391305 0.24411764705882352 0.07391304347826087
7 0.5147058823529411 0.3391304347826087 0.34705882352941175 0.08043478260869565
1 0.4411764705882353 0.4108695652173913 0.2 0.041304347826086954
0 0.4985294117647059 0.4717391304347826 0.2088235294117647 0.07608695652173914
10 0.4411764705882353 0.5456521739130434 0.19705882352941176 0.04565217391304348
5 0.6955882352941176 0.5456521739130434 0.19705882352941176 0.04565217391304348
3 0.45441176470588235 0.6130434782608696 0.22205882352941175 0.08043478260869565
6 0.45588235294117646 0.691304347826087 0.22941176470588234 0.041304347826086954
4 0.47352941176470587 0.7521739130434782 0.26323529411764707 0.07173913043478261
2 0.43823529411764706 0.85 0.18529411764705883 0.07173913043478261
8 0.17058823529411765 0.5195652173913043 0.23529411764705882 0.5152173913043478
9 0.17352941176470588 0.8695652173913043 0.19264705882352942 0.15869565217391304