11 0.47058823529411764 0.3456521739130435 0.19705882352941176 0.05652173913043478
7 0.5294117647058824 0.40652173913043477 0.31029411764705883 0.058695652173913045
1 0.46176470588235297 0.45869565217391306 0.17352941176470588 0.030434782608695653
0 0.5426470588235294 0.5021739130434782 0.2161764705882353 0.058695652173913045
10 0.4632352941176471 0.5565217391304348 0.17205882352941176 0.034782608695652174
5 0.6852941176470588 0.55 0.16911764705882354 0.041304347826086954
3 0.47352941176470587 0.6065217391304348 0.19117647058823528 0.05652173913043478
6 0.47205882352941175 0.658695652173913 0.18529411764705883 0.034782608695652174
4 0.5220588235294118 0.7 0.2823529411764706 0.05217391304347826
2 0.4573529411764706 0.7630434782608696 0.15294117647058825 0.05217391304347826
8 0.275 0.5260869565217391 0.18235294117647058 0.3717391304347826
9 0.28088235294117647 0.7804347826086957 0.1338235294117647 0.09130434782608696