11 0.5073529411764706 0.41304347826086957 0.1514705882352941 0.06739130434782609
7 0.5794117647058824 0.47391304347826085 0.29558823529411765 0.06739130434782609
1 0.5029411764705882 0.5239130434782608 0.14558823529411766 0.034782608695652174
0 0.5720588235294117 0.5717391304347826 0.21470588235294116 0.06304347826086956
10 0.5014705882352941 0.6217391304347826 0.14411764705882352 0.03695652173913044
5 0.6882352941176471 0.6239130434782608 0.13970588235294118 0.0391304347826087
3 0.5117647058823529 0.6695652173913044 0.16029411764705884 0.05652173913043478
6 0.513235294117647 0.7217391304347827 0.16470588235294117 0.03695652173913044
4 0.5338235294117647 0.7717391304347826 0.2073529411764706 0.06304347826086956
2 0.4661764705882353 0.8434782608695652 0.07058823529411765 0.05217391304347826
8 0.3161764705882353 0.6043478260869565 0.17647058823529413 0.3760869565217391
9 0.2926470588235294 0.8326086956521739 0.13823529411764707 0.07173913043478261