11 0.47794117647058826 0.21739130434782608 0.2735294117647059 0.08043478260869565
7 0.5588235294117647 0.30217391304347824 0.4338235294117647 0.0891304347826087
1 0.4441176470588235 0.3717391304347826 0.2 0.041304347826086954
0 0.5058823529411764 0.4391304347826087 0.21176470588235294 0.08043478260869565
10 0.4470588235294118 0.5043478260869565 0.2 0.05
5 0.7279411764705882 0.5021739130434782 0.20441176470588235 0.05434782608695652
3 0.4588235294117647 0.5717391304347826 0.22794117647058823 0.08043478260869565
6 0.46176470588235297 0.6391304347826087 0.23088235294117648 0.04565217391304348
4 0.5279411764705882 0.7065217391304348 0.36176470588235293 0.08043478260869565
2 0.39705882352941174 0.8021739130434783 0.1 0.06956521739130435
8 0.1676470588235294 0.49130434782608695 0.23676470588235293 0.4891304347826087
9 0.17058823529411765 0.8304347826086956 0.22058823529411764 0.15434782608695652