11 0.525 0.3869565217391304 0.17647058823529413 0.058695652173913045
7 0.5955882352941176 0.45217391304347826 0.3176470588235294 0.06086956521739131
1 0.5088235294117647 0.5043478260869565 0.14558823529411766 0.03260869565217391
0 0.5735294117647058 0.55 0.19411764705882353 0.058695652173913045
10 0.5102941176470588 0.6086956521739131 0.15 0.034782608695652174
5 0.7044117647058824 0.6086956521739131 0.14705882352941177 0.041304347826086954
3 0.5161764705882353 0.6565217391304348 0.16176470588235295 0.05652173913043478
6 0.5205882352941177 0.7152173913043478 0.1676470588235294 0.034782608695652174
4 0.5529411764705883 0.7652173913043478 0.23676470588235293 0.06304347826086956
2 0.5044117647058823 0.841304347826087 0.14705882352941177 0.05434782608695652
8 0.3014705882352941 0.5695652173913044 0.16323529411764706 0.358695652173913
9 0.3058823529411765 0.8152173913043478 0.12941176470588237 0.11304347826086956