11 0.4455882352941177 0.3630434782608696 0.12352941176470589 0.06521739130434782
7 0.5294117647058824 0.4282608695652174 0.2926470588235294 0.05434782608695652
1 0.4573529411764706 0.4782608695652174 0.14852941176470588 0.03260869565217391
0 0.5426470588235294 0.5304347826086957 0.23529411764705882 0.06739130434782609
10 0.4573529411764706 0.5826086956521739 0.15441176470588236 0.0391304347826087
5 0.6558823529411765 0.5869565217391305 0.14852941176470588 0.04565217391304348
3 0.4661764705882353 0.6391304347826087 0.16911764705882354 0.06521739130434782
6 0.43823529411764706 0.6956521739130435 0.11470588235294117 0.0391304347826087
4 0.5161764705882353 0.75 0.27205882352941174 0.06086956521739131
2 0.45441176470588235 0.8326086956521739 0.15294117647058825 0.06304347826086956
8 0.23970588235294119 0.5652173913043478 0.18970588235294117 0.4
9 0.21323529411764705 0.8347826086956521 0.125 0.09347826086956522