11 0.48970588235294116 0.30217391304347824 0.1661764705882353 0.058695652173913045
7 0.5279411764705882 0.3630434782608696 0.24558823529411763 0.06086956521739131
1 0.475 0.41304347826086957 0.13823529411764707 0.030434782608695653
0 0.5455882352941176 0.4608695652173913 0.20147058823529412 0.06304347826086956
10 0.4764705882352941 0.5130434782608696 0.1411764705882353 0.03260869565217391
5 0.663235294117647 0.5173913043478261 0.1411764705882353 0.03260869565217391
3 0.4823529411764706 0.5630434782608695 0.15441176470588236 0.058695652173913045
6 0.4852941176470588 0.6173913043478261 0.16323529411764706 0.034782608695652174
4 0.5235294117647059 0.6652173913043479 0.2426470588235294 0.058695652173913045
2 0.4573529411764706 0.741304347826087 0.11323529411764706 0.058695652173913045
8 0.27205882352941174 0.48695652173913045 0.175 0.38913043478260867
9 0.25882352941176473 0.7521739130434782 0.1426470588235294 0.10217391304347827