11 0.47205882352941175 0.25217391304347825 0.2426470588235294 0.0782608695652174
7 0.5411764705882353 0.34130434782608693 0.38823529411764707 0.08260869565217391
1 0.45 0.41304347826086957 0.20147058823529412 0.04565217391304348
0 0.5617647058823529 0.4717391304347826 0.3058823529411765 0.0782608695652174
10 0.45 0.5413043478260869 0.20147058823529412 0.05217391304347826
5 0.7382352941176471 0.5413043478260869 0.20294117647058824 0.05
3 0.4632352941176471 0.6108695652173913 0.22941176470588234 0.08043478260869565
6 0.4661764705882353 0.6782608695652174 0.23088235294117648 0.04565217391304348
4 0.5294117647058824 0.7456521739130435 0.3573529411764706 0.0782608695652174
2 0.4 0.8239130434782609 0.10441176470588236 0.06521739130434782
8 0.17794117647058824 0.508695652173913 0.23970588235294119 0.5065217391304347
9 0.19558823529411765 0.8630434782608696 0.1426470588235294 0.13043478260869565