11 0.5 0.3717391304347826 0.13823529411764707 0.05652173913043478
7 0.5764705882352941 0.43478260869565216 0.2985294117647059 0.058695652173913045
1 0.5014705882352941 0.48478260869565215 0.14705882352941177 0.03695652173913044
0 0.5794117647058824 0.532608695652174 0.22647058823529412 0.058695652173913045
10 0.5029411764705882 0.5891304347826087 0.15 0.034782608695652174
5 0.6985294117647058 0.5891304347826087 0.15294117647058825 0.03695652173913044
3 0.5088235294117647 0.6369565217391304 0.1661764705882353 0.05652173913043478
6 0.5117647058823529 0.6934782608695652 0.16911764705882354 0.03695652173913044
4 0.5691176470588235 0.7434782608695653 0.2838235294117647 0.06304347826086956
2 0.5 0.8173913043478261 0.14558823529411766 0.06304347826086956
8 0.2985294117647059 0.5630434782608695 0.17647058823529413 0.3804347826086957
9 0.26176470588235295 0.8369565217391305 0.15 0.07608695652173914