11 0.4485294117647059 0.41304347826086957 0.14558823529411766 0.05217391304347826
7 0.4970588235294118 0.4652173913043478 0.2426470588235294 0.05217391304347826
1 0.4426470588235294 0.5130434782608696 0.13676470588235295 0.03260869565217391
0 0.5205882352941177 0.5543478260869565 0.22058823529411764 0.05434782608695652
10 0.4426470588235294 0.6043478260869565 0.13676470588235295 0.03260869565217391
5 0.611764705882353 0.6043478260869565 0.1323529411764706 0.03260869565217391
3 0.45 0.65 0.14852941176470588 0.05217391304347826
6 0.45294117647058824 0.7021739130434783 0.15588235294117647 0.02826086956521739
4 0.48823529411764705 0.7434782608695653 0.22794117647058823 0.05
2 0.5338235294117647 0.8152173913043478 0.3220588235294118 0.05217391304347826
8 0.2529411764705882 0.5826086956521739 0.16323529411764706 0.3565217391304348
9 0.2647058823529412 0.8239130434782609 0.08529411764705883 0.1282608695652174