11 0.4764705882352941 0.32608695652173914 0.1264705882352941 0.04782608695652174
7 0.5514705882352942 0.3804347826086957 0.27647058823529413 0.05434782608695652
1 0.47941176470588237 0.4260869565217391 0.125 0.02826086956521739
0 0.5058823529411764 0.4673913043478261 0.11029411764705882 0.05434782608695652
10 0.47941176470588237 0.5152173913043478 0.125 0.02826086956521739
5 0.6485294117647059 0.5130434782608696 0.13088235294117648 0.02826086956521739
3 0.48823529411764705 0.558695652173913 0.13823529411764707 0.04782608695652174
6 0.48970588235294116 0.6065217391304348 0.14558823529411766 0.02826086956521739
4 0.5338235294117647 0.6456521739130435 0.2323529411764706 0.04565217391304348
2 0.47941176470588237 0.7130434782608696 0.12205882352941176 0.04565217391304348
8 0.3044117647058823 0.49130434782608695 0.15 0.3391304347826087
9 0.3191176470588235 0.7043478260869566 0.14852941176470588 0.07391304347826087