11 0.47352941176470587 0.3173913043478261 0.19852941176470587 0.06956521739130435
7 0.5514705882352942 0.4 0.3573529411764706 0.06521739130434782
1 0.4632352941176471 0.45869565217391306 0.17647058823529413 0.03695652173913044
0 0.5764705882352941 0.5130434782608696 0.29558823529411765 0.06086956521739131
10 0.46176470588235297 0.5717391304347826 0.17647058823529413 0.03695652173913044
5 0.711764705882353 0.5673913043478261 0.17352941176470588 0.041304347826086954
3 0.475 0.6304347826086957 0.20294117647058824 0.06521739130434782
6 0.47794117647058826 0.6891304347826087 0.20294117647058824 0.03695652173913044
4 0.5529411764705883 0.75 0.3514705882352941 0.06739130434782609
2 0.41911764705882354 0.8217391304347826 0.08529411764705883 0.05652173913043478
8 0.225 0.5478260869565217 0.20588235294117646 0.4434782608695652
9 0.23529411764705882 0.8478260869565217 0.14852941176470588 0.11304347826086956