11 0.5470588235294118 0.34130434782608693 0.15588235294117647 0.05652173913043478
7 0.6029411764705882 0.4043478260869565 0.2691176470588235 0.058695652173913045
1 0.5397058823529411 0.45 0.14558823529411766 0.03260869565217391
0 0.5852941176470589 0.49782608695652175 0.1514705882352941 0.05434782608695652
10 0.5397058823529411 0.5521739130434783 0.14705882352941177 0.030434782608695653
5 0.7294117647058823 0.5565217391304348 0.14411764705882352 0.03260869565217391
3 0.5470588235294118 0.6 0.16323529411764706 0.05
6 0.55 0.6543478260869565 0.1661764705882353 0.02608695652173913
4 0.5573529411764706 0.7 0.18235294117647058 0.05434782608695652
2 0.5191176470588236 0.7739130434782608 0.11176470588235295 0.05
8 0.32941176470588235 0.5239130434782608 0.18088235294117647 0.3782608695652174
9 0.34705882352941175 0.7913043478260869 0.17794117647058824 0.13260869565217392