11 0.4514705882352941 0.5630434782608695 0.08088235294117647 0.03260869565217391
7 0.5058823529411764 0.6021739130434782 0.19264705882352942 0.03260869565217391
1 0.4588235294117647 0.6347826086956522 0.09852941176470588 0.017391304347826087
0 0.47941176470588237 0.6608695652173913 0.07058823529411765 0.03260869565217391
10 0.4602941176470588 0.6956521739130435 0.10294117647058823 0.01956521739130435
5 0.5882352941176471 0.6956521739130435 0.09852941176470588 0.01956521739130435
3 0.4647058823529412 0.7239130434782609 0.11176470588235295 0.034782608695652174
6 0.4602941176470588 0.7565217391304347 0.10735294117647058 0.01956521739130435
4 0.4602941176470588 0.7869565217391304 0.10735294117647058 0.03260869565217391
2 0.4632352941176471 0.8217391304347826 0.11176470588235295 0.02826086956521739
8 0.35 0.6695652173913044 0.10441176470588236 0.21521739130434783
9 0.3558823529411765 0.808695652173913 0.10294117647058823 0.04782608695652174