11 0.49264705882352944 0.46304347826086956 0.10882352941176471 0.0391304347826087
7 0.5220588235294118 0.508695652173913 0.17647058823529413 0.0391304347826087
1 0.4838235294117647 0.5391304347826087 0.09705882352941177 0.01956521739130435
0 0.5264705882352941 0.5673913043478261 0.1264705882352941 0.03695652173913044
10 0.4838235294117647 0.6 0.09705882352941177 0.01956521739130435
5 0.6132352941176471 0.6 0.09117647058823529 0.021739130434782608
3 0.48676470588235293 0.6304347826086957 0.10588235294117647 0.034782608695652174
6 0.48823529411764705 0.6630434782608695 0.10735294117647058 0.01956521739130435
4 0.5088235294117647 0.6934782608695652 0.15441176470588236 0.034782608695652174
2 0.4632352941176471 0.7282608695652174 0.061764705882352944 0.02826086956521739
8 0.3602941176470588 0.5804347826086956 0.1161764705882353 0.2391304347826087
9 0.37058823529411766 0.741304347826087 0.08676470588235294 0.05