11 0.45 0.23478260869565218 0.12205882352941176 0.058695652173913045
7 0.5426470588235294 0.3 0.31323529411764706 0.06086956521739131
1 0.4647058823529412 0.3565217391304348 0.15735294117647058 0.034782608695652174
0 0.5294117647058824 0.40869565217391307 0.2088235294117647 0.06086956521739131
10 0.4632352941176471 0.46304347826086956 0.15735294117647058 0.03260869565217391
5 0.6764705882352942 0.46304347826086956 0.15294117647058825 0.034782608695652174
3 0.475 0.5173913043478261 0.17647058823529413 0.06086956521739131
6 0.47941176470588237 0.5760869565217391 0.18529411764705883 0.03260869565217391
4 0.5323529411764706 0.6326086956521739 0.2911764705882353 0.06739130434782609
2 0.4455882352941177 0.7130434782608696 0.11764705882352941 0.06086956521739131
8 0.23088235294117648 0.44565217391304346 0.22058823529411764 0.42391304347826086
9 0.22205882352941175 0.7152173913043478 0.1264705882352941 0.09782608695652174