11 0.4764705882352941 0.23695652173913043 0.25441176470588234 0.08043478260869565
7 0.538235294117647 0.3239130434782609 0.3764705882352941 0.06956521739130435
1 0.4485294117647059 0.39565217391304347 0.19411764705882353 0.04565217391304348
0 0.5044117647058823 0.45869565217391306 0.2 0.08260869565217391
10 0.4485294117647059 0.5391304347826087 0.19705882352941176 0.043478260869565216
5 0.7073529411764706 0.5369565217391304 0.20147058823529412 0.0391304347826087
3 0.4279411764705882 0.6065217391304348 0.15588235294117647 0.0782608695652174
6 0.4647058823529412 0.6847826086956522 0.22794117647058823 0.0391304347826087
4 0.5279411764705882 0.7478260869565218 0.35294117647058826 0.0782608695652174
4 0.5911764705882353 0.85 0.4808823529411765 0.0782608695652174
8 0.17647058823529413 0.5065217391304347 0.22941176470588234 0.5260869565217391
9 0.15588235294117647 0.8239130434782609 0.15 0.08478260869565217