11 0.4602941176470588 0.3217391304347826 0.12794117647058822 0.043478260869565216
7 0.5044117647058823 0.3782608695652174 0.21911764705882353 0.04782608695652174
1 0.4602941176470588 0.4260869565217391 0.1323529411764706 0.02391304347826087
0 0.5544117647058824 0.4673913043478261 0.2485294117647059 0.05
10 0.4602941176470588 0.5195652173913043 0.13529411764705881 0.02826086956521739
5 0.6397058823529411 0.5173913043478261 0.13676470588235295 0.02826086956521739
3 0.4676470588235294 0.5652173913043478 0.14852941176470588 0.04782608695652174
6 0.47941176470588237 0.6173913043478261 0.17794117647058824 0.02608695652173913
4 0.5970588235294118 0.658695652173913 0.4117647058823529 0.05217391304347826
2 0.49264705882352944 0.7304347826086957 0.19852941176470587 0.05217391304347826
8 0.27205882352941174 0.49782608695652175 0.1588235294117647 0.35
9 0.2529411764705882 0.741304347826087 0.11764705882352941 0.11739130434782609