11 0.45441176470588235 0.27391304347826084 0.2073529411764706 0.0782608695652174
7 0.5926470588235294 0.3673913043478261 0.4823529411764706 0.08478260869565217
1 0.4602941176470588 0.44782608695652176 0.21764705882352942 0.0391304347826087
0 0.5691176470588235 0.5130434782608696 0.3 0.0782608695652174
10 0.4602941176470588 0.5847826086956521 0.22058823529411764 0.0391304347826087
5 0.7573529411764706 0.5891304347826087 0.22058823529411764 0.0391304347826087
3 0.47058823529411764 0.6608695652173913 0.2411764705882353 0.07391304347826087
6 0.475 0.741304347826087 0.24705882352941178 0.03695652173913044
4 0.5338235294117647 0.8152173913043478 0.36764705882352944 0.07608695652173914
2 0.5161764705882353 0.8956521739130435 0.32941176470588235 0.06521739130434782
8 0.15588235294117647 0.55 0.25882352941176473 0.5434782608695652
9 0.21029411764705883 0.908695652173913 0.27205882352941174 0.06086956521739131