11 0.4426470588235294 0.2673913043478261 0.18529411764705883 0.06956521739130435
7 0.5779411764705882 0.3521739130434783 0.4588235294117647 0.07173913043478261
1 0.4441176470588235 0.4152173913043478 0.19117647058823528 0.0391304347826087
0 0.5117647058823529 0.47608695652173916 0.22058823529411764 0.07173913043478261
10 0.4426470588235294 0.55 0.19264705882352942 0.034782608695652174
5 0.6985294117647058 0.5565217391304348 0.19117647058823528 0.03695652173913044
3 0.45441176470588235 0.6152173913043478 0.21911764705882353 0.06739130434782609
6 0.4573529411764706 0.691304347826087 0.22205882352941175 0.03695652173913044
4 0.4838235294117647 0.7521739130434782 0.27794117647058825 0.07173913043478261
2 0.43823529411764706 0.85 0.18823529411764706 0.07173913043478261
8 0.1676470588235294 0.5130434782608696 0.23823529411764705 0.5108695652173914
9 0.1514705882352941 0.8695652173913043 0.19117647058823528 0.12608695652173912