11 0.43823529411764706 0.23695652173913043 0.18529411764705883 0.0782608695652174
7 0.5279411764705882 0.3347826086956522 0.36617647058823527 0.07391304347826087
1 0.4514705882352941 0.40869565217391307 0.21176470588235294 0.0391304347826087
0 0.5647058823529412 0.47391304347826085 0.3088235294117647 0.07173913043478261
10 0.45294117647058824 0.5456521739130434 0.21470588235294116 0.041304347826086954
5 0.7573529411764706 0.5434782608695652 0.2161764705882353 0.041304347826086954
3 0.4661764705882353 0.6173913043478261 0.23823529411764705 0.07608695652173914
6 0.46911764705882353 0.691304347826087 0.2426470588235294 0.043478260869565216
4 0.5338235294117647 0.7608695652173914 0.375 0.0782608695652174
2 0.3985294117647059 0.8478260869565217 0.10441176470588236 0.06521739130434782
8 0.16470588235294117 0.5152173913043478 0.24411764705882352 0.532608695652174
9 0.1514705882352941 0.8869565217391304 0.29558823529411765 0.1108695652173913