11 0.4661764705882353 0.4 0.12941176470588237 0.04565217391304348
7 0.538235294117647 0.45217391304347826 0.27058823529411763 0.04782608695652174
1 0.4661764705882353 0.49782608695652175 0.1264705882352941 0.02608695652173913
0 0.5441176470588235 0.5347826086956522 0.20588235294117646 0.05217391304347826
10 0.4676470588235294 0.5869565217391305 0.12794117647058822 0.030434782608695653
5 0.638235294117647 0.5804347826086956 0.12794117647058822 0.02826086956521739
3 0.4764705882352941 0.6260869565217392 0.14558823529411766 0.043478260869565216
6 0.47941176470588237 0.6782608695652174 0.1514705882352941 0.02826086956521739
4 0.525 0.717391304347826 0.24411764705882352 0.05217391304347826
2 0.45588235294117646 0.7847826086956522 0.10147058823529412 0.05217391304347826
8 0.2823529411764706 0.5739130434782609 0.1588235294117647 0.32608695652173914
9 0.29558823529411765 0.8108695652173913 0.1676470588235294 0.1108695652173913