11 0.47352941176470587 0.19782608695652174 0.18529411764705883 0.06086956521739131
7 0.5808823529411765 0.26304347826086955 0.40294117647058825 0.07173913043478261
1 0.4647058823529412 0.3217391304347826 0.17205882352941176 0.034782608695652174
0 0.5514705882352942 0.3717391304347826 0.2411764705882353 0.06956521739130435
10 0.4676470588235294 0.4391304347826087 0.17352941176470588 0.041304347826086954
5 0.6882352941176471 0.43043478260869567 0.17352941176470588 0.03260869565217391
3 0.47794117647058826 0.4934782608695652 0.19264705882352942 0.06086956521739131
6 0.4823529411764706 0.5608695652173913 0.20588235294117646 0.03695652173913044
4 0.5323529411764706 0.6108695652173913 0.3029411764705882 0.06956521739130435
2 0.4485294117647059 0.7065217391304348 0.13823529411764707 0.06739130434782609
8 0.2235294117647059 0.4260869565217391 0.2088235294117647 0.44130434782608696
9 0.24411764705882352 0.758695652173913 0.25588235294117645 0.11956521739130435