11 0.5647058823529412 0.4260869565217391 0.09117647058823529 0.03260869565217391
7 0.6088235294117647 0.4652173913043478 0.18235294117647058 0.03260869565217391
1 0.5617647058823529 0.4956521739130435 0.08823529411764706 0.015217391304347827
7 0.6235294117647059 0.5260869565217391 0.16470588235294117 0.03695652173913044
10 0.5602941176470588 0.5565217391304348 0.08529411764705883 0.017391304347826087
5 0.6764705882352942 0.558695652173913 0.08676470588235294 0.015217391304347827
3 0.5647058823529412 0.5869565217391305 0.09558823529411764 0.030434782608695653
6 0.5661764705882353 0.6239130434782608 0.1 0.015217391304347827
4 0.6014705882352941 0.65 0.1676470588235294 0.03260869565217391
2 0.55 0.6956521739130435 0.06764705882352941 0.03260869565217391
8 0.43529411764705883 0.5434782608695652 0.10735294117647058 0.2391304347826087
9 0.4338235294117647 0.7130434782608696 0.06323529411764706 0.05652173913043478