11 0.4411764705882353 0.30434782608695654 0.1676470588235294 0.06304347826086956
7 0.5102941176470588 0.3782608695652174 0.31029411764705883 0.06086956521739131
1 0.4426470588235294 0.4369565217391304 0.17352941176470588 0.030434782608695653
0 0.6029411764705882 0.4891304347826087 0.3911764705882353 0.05652173913043478
10 0.4426470588235294 0.5434782608695652 0.17352941176470588 0.03260869565217391
5 0.6852941176470588 0.5434782608695652 0.16911764705882354 0.034782608695652174
3 0.4514705882352941 0.6021739130434782 0.19117647058823528 0.06304347826086956
6 0.4573529411764706 0.658695652173913 0.20294117647058824 0.03260869565217391
4 0.5794117647058824 0.7152173913043478 0.4455882352941177 0.058695652173913045
2 0.41911764705882354 0.782608695652174 0.12941176470588237 0.05217391304347826
8 0.21470588235294116 0.5173913043478261 0.2 0.4282608695652174
9 0.20588235294117646 0.8043478260869565 0.12794117647058822 0.1108695652173913