11 0.45441176470588235 0.29347826086956524 0.18088235294117647 0.07173913043478261
7 0.5367647058823529 0.3782608695652174 0.34705882352941175 0.07391304347826087
1 0.45294117647058824 0.4391304347826087 0.175 0.041304347826086954
0 0.5470588235294118 0.49782608695652175 0.25588235294117645 0.06304347826086956
10 0.4514705882352941 0.5543478260869565 0.17352941176470588 0.041304347826086954
5 0.7073529411764706 0.558695652173913 0.17941176470588235 0.041304347826086954
3 0.46176470588235297 0.6108695652173913 0.19558823529411765 0.06739130434782609
6 0.4647058823529412 0.6695652173913044 0.19705882352941176 0.0391304347826087
4 0.5161764705882353 0.7282608695652174 0.3044117647058823 0.06521739130434782
2 0.4073529411764706 0.7934782608695652 0.08529411764705883 0.05
8 0.21176470588235294 0.5173913043478261 0.2088235294117647 0.4391304347826087
9 0.21323529411764705 0.8195652173913044 0.16176470588235295 0.15