9 0.36176470588235293 0.3 0.2088235294117647 0.06086956521739131
7 0.45441176470588235 0.3717391304347826 0.39558823529411763 0.06086956521739131
1 0.3382352941176471 0.4260869565217391 0.1588235294117647 0.03260869565217391
0 0.4161764705882353 0.47391304347826085 0.21911764705882353 0.05652173913043478
10 0.33676470588235297 0.5282608695652173 0.16029411764705884 0.030434782608695653
5 0.5632352941176471 0.5282608695652173 0.15735294117647058 0.02826086956521739
3 0.34852941176470587 0.5804347826086956 0.17941176470588235 0.06086956521739131
6 0.35 0.6326086956521739 0.18235294117647058 0.03695652173913044
4 0.34558823529411764 0.6869565217391305 0.17352941176470588 0.06086956521739131
2 0.2985294117647059 0.7478260869565218 0.07941176470588235 0.04782608695652174
8 0.12352941176470589 0.508695652173913 0.18823529411764706 0.3826086956521739
9 0.175 0.7739130434782608 0.16323529411764706 0.13695652173913042