11 0.4676470588235294 0.3130434782608696 0.17647058823529413 0.06956521739130435
7 0.5294117647058824 0.3869565217391304 0.3029411764705882 0.0782608695652174
1 0.4647058823529412 0.4434782608695652 0.18088235294117647 0.0391304347826087
0 0.538235294117647 0.5043478260869565 0.2323529411764706 0.07608695652173914
10 0.4632352941176471 0.5673913043478261 0.17941176470588235 0.043478260869565216
5 0.6911764705882353 0.5760869565217391 0.18235294117647058 0.043478260869565216
3 0.47058823529411764 0.6282608695652174 0.19558823529411765 0.06739130434782609
6 0.475 0.6934782608695652 0.2088235294117647 0.041304347826086954
4 0.5117647058823529 0.75 0.28088235294117647 0.07391304347826087
2 0.45294117647058824 0.8391304347826087 0.16911764705882354 0.07608695652173914
8 0.2161764705882353 0.5260869565217391 0.19117647058823528 0.45217391304347826
9 0.21470588235294116 0.7804347826086957 0.14411764705882352 0.05217391304347826