11 0.47352941176470587 0.2717391304347826 0.18088235294117647 0.06521739130434782
7 0.5602941176470588 0.34782608695652173 0.3588235294117647 0.06304347826086956
1 0.4661764705882353 0.40869565217391307 0.16911764705882354 0.03695652173913044
0 0.5338235294117647 0.4652173913043478 0.21764705882352942 0.06521739130434782
10 0.4676470588235294 0.5239130434782608 0.17058823529411765 0.03695652173913044
5 0.6970588235294117 0.5239130434782608 0.175 0.0391304347826087
3 0.4764705882352941 0.5847826086956521 0.19117647058823528 0.06739130434782609
6 0.4808823529411765 0.6456521739130435 0.19705882352941176 0.03695652173913044
4 0.5147058823529411 0.7065217391304348 0.2676470588235294 0.06739130434782609
2 0.42058823529411765 0.7934782608695652 0.07941176470588235 0.06086956521739131
8 0.2235294117647059 0.49130434782608695 0.2161764705882353 0.45
9 0.25588235294117645 0.7978260869565217 0.2088235294117647 0.13695652173913042