11 0.475 0.3108695652173913 0.17941176470588235 0.06086956521739131
7 0.5470588235294118 0.3869565217391304 0.3220588235294118 0.06086956521739131
1 0.4647058823529412 0.4391304347826087 0.16029411764705884 0.03260869565217391
0 0.49558823529411766 0.4891304347826087 0.125 0.06086956521739131
10 0.4647058823529412 0.5413043478260869 0.15735294117647058 0.03260869565217391
5 0.6926470588235294 0.5434782608695652 0.16176470588235295 0.034782608695652174
3 0.47352941176470587 0.5978260869565217 0.17941176470588235 0.06086956521739131
6 0.475 0.65 0.18235294117647058 0.03260869565217391
4 0.46911764705882353 0.7043478260869566 0.17352941176470588 0.06086956521739131
2 0.42205882352941176 0.7673913043478261 0.07941176470588235 0.05217391304347826
8 0.25 0.5152173913043478 0.18823529411764706 0.3978260869565217
9 0.2691176470588235 0.7717391304347826 0.18970588235294117 0.08260869565217391