11 0.47205882352941175 0.3630434782608696 0.15 0.05217391304347826
7 0.5367647058823529 0.42391304347826086 0.27941176470588236 0.05652173913043478
1 0.4661764705882353 0.47391304347826085 0.13970588235294118 0.030434782608695653
0 0.5220588235294118 0.5217391304347826 0.18088235294117647 0.05434782608695652
10 0.4647058823529412 0.5739130434782609 0.1426470588235294 0.02826086956521739
5 0.6558823529411765 0.5717391304347826 0.13970588235294118 0.03260869565217391
3 0.475 0.6217391304347826 0.16029411764705884 0.05652173913043478
6 0.47794117647058826 0.6717391304347826 0.1661764705882353 0.03260869565217391
4 0.5058823529411764 0.7239130434782609 0.22058823529411764 0.058695652173913045
2 0.4455882352941177 0.7934782608695652 0.10441176470588236 0.04782608695652174
8 0.2691176470588235 0.5391304347826087 0.16470588235294117 0.36086956521739133
9 0.2838235294117647 0.7869565217391304 0.13676470588235295 0.12608695652173912