11 0.5 0.2891304347826087 0.19852941176470587 0.06304347826086956
7 0.5441176470588235 0.3630434782608696 0.28823529411764703 0.06304347826086956
1 0.49117647058823527 0.42391304347826086 0.18529411764705883 0.03260869565217391
0 0.5558823529411765 0.48043478260869565 0.21029411764705883 0.06956521739130435
10 0.49264705882352944 0.5478260869565217 0.18676470588235294 0.034782608695652174
5 0.7426470588235294 0.5456521739130434 0.18823529411764706 0.03695652173913044
3 0.5029411764705882 0.6086956521739131 0.2088235294117647 0.06521739130434782
6 0.5102941176470588 0.6804347826086956 0.22058823529411764 0.03260869565217391
4 0.5102941176470588 0.7369565217391304 0.225 0.06521739130434782
2 0.49264705882352944 0.8369565217391305 0.18970588235294117 0.06739130434782609
8 0.2235294117647059 0.5282608695652173 0.23529411764705882 0.46956521739130436
9 0.25882352941176473 0.8565217391304348 0.19117647058823528 0.14782608695652175