11 0.48823529411764705 0.2782608695652174 0.20147058823529412 0.06521739130434782
7 0.5970588235294118 0.35434782608695653 0.42205882352941176 0.06521739130434782
1 0.47352941176470587 0.4108695652173913 0.17352941176470588 0.034782608695652174
0 0.5573529411764706 0.4673913043478261 0.23676470588235293 0.06086956521739131
10 0.47352941176470587 0.5217391304347826 0.17647058823529413 0.034782608695652174
5 0.7235294117647059 0.5195652173913043 0.1661764705882353 0.034782608695652174
3 0.48676470588235293 0.5826086956521739 0.19852941176470587 0.06739130434782609
6 0.49117647058823527 0.6434782608695652 0.2088235294117647 0.0391304347826087
4 0.5352941176470588 0.7043478260869566 0.29558823529411765 0.06956521739130435
2 0.49117647058823527 0.7782608695652173 0.2073529411764706 0.06086956521739131
8 0.2338235294117647 0.5 0.2088235294117647 0.4326086956521739
9 0.25735294117647056 0.7847826086956522 0.18676470588235294 0.11739130434782609