11 0.4647058823529412 0.358695652173913 0.18235294117647058 0.06304347826086956
7 0.4970588235294118 0.4326086956521739 0.25441176470588234 0.06086956521739131
1 0.45 0.48478260869565215 0.15735294117647058 0.03260869565217391
0 0.5411764705882353 0.5391304347826087 0.24558823529411763 0.05652173913043478
10 0.45 0.5869565217391305 0.1588235294117647 0.03260869565217391
5 0.6779411764705883 0.5891304347826087 0.1588235294117647 0.034782608695652174
3 0.4602941176470588 0.6434782608695652 0.17794117647058824 0.058695652173913045
6 0.46176470588235297 0.6956521739130435 0.18235294117647058 0.03260869565217391
4 0.5176470588235295 0.75 0.29411764705882354 0.06304347826086956
2 0.4073529411764706 0.8152173913043478 0.07647058823529412 0.05
8 0.2338235294117647 0.5630434782608695 0.18382352941176472 0.3978260869565217
9 0.22647058823529412 0.8347826086956521 0.11029411764705882 0.09782608695652174