11 0.41911764705882354 0.2891304347826087 0.18235294117647058 0.06304347826086956
7 0.49264705882352944 0.358695652173913 0.3235294117647059 0.06739130434782609
1 0.4117647058823529 0.4152173913043478 0.15735294117647058 0.03695652173913044
0 0.48970588235294116 0.4673913043478261 0.22205882352941175 0.07173913043478261
10 0.4117647058823529 0.5282608695652173 0.15735294117647058 0.030434782608695653
5 0.6147058823529412 0.5282608695652173 0.1514705882352941 0.030434782608695653
3 0.41911764705882354 0.5804347826086956 0.17352941176470588 0.05652173913043478
6 0.4235294117647059 0.6413043478260869 0.17794117647058824 0.030434782608695653
4 0.4676470588235294 0.6869565217391305 0.2661764705882353 0.06086956521739131
2 0.39558823529411763 0.7673913043478261 0.11911764705882352 0.05652173913043478
8 0.18529411764705883 0.4934782608695652 0.20588235294117646 0.4260869565217391
9 0.17352941176470588 0.7717391304347826 0.1338235294117647 0.07173913043478261