11 0.45588235294117646 0.2543478260869565 0.17647058823529413 0.07391304347826087
7 0.49264705882352944 0.3456521739130435 0.25 0.08043478260869565
1 0.46176470588235297 0.41304347826086957 0.18823529411764706 0.03695652173913044
0 0.5926470588235294 0.46956521739130436 0.3397058823529412 0.07391304347826087
10 0.4647058823529412 0.5413043478260869 0.19705882352941176 0.043478260869565216
5 0.7514705882352941 0.5391304347826087 0.19411764705882353 0.0391304347826087
3 0.475 0.6086956521739131 0.2161764705882353 0.0782608695652174
6 0.47794117647058826 0.6739130434782609 0.22058823529411764 0.03695652173913044
4 0.5323529411764706 0.7347826086956522 0.32794117647058824 0.07608695652173914
2 0.43676470588235294 0.8217391304347826 0.13676470588235295 0.06521739130434782
8 0.2073529411764706 0.5 0.22794117647058823 0.4673913043478261
9 0.21470588235294116 0.8260869565217391 0.19705882352941176 0.07608695652173914