11 0.4147058823529412 0.33043478260869563 0.1426470588235294 0.06086956521739131
7 0.49117647058823527 0.40217391304347827 0.2985294117647059 0.06086956521739131
1 0.42205882352941176 0.45869565217391306 0.15735294117647058 0.030434782608695653
0 0.49411764705882355 0.5043478260869565 0.2073529411764706 0.05652173913043478
10 0.425 0.558695652173913 0.15735294117647058 0.034782608695652174
5 0.6470588235294118 0.55 0.15294117647058825 0.03260869565217391
3 0.43676470588235294 0.6108695652173913 0.17647058823529413 0.06086956521739131
6 0.43823529411764706 0.6652173913043479 0.17941176470588235 0.03695652173913044
4 0.475 0.7152173913043478 0.2514705882352941 0.06304347826086956
2 0.40294117647058825 0.7804347826086957 0.10441176470588236 0.05
8 0.21911764705882353 0.5369565217391304 0.19117647058823528 0.3934782608695652
9 0.2676470588235294 0.7847826086956522 0.16029411764705884 0.08695652173913043