11 0.4470588235294118 0.27391304347826084 0.27058823529411763 0.07391304347826087
7 0.5558823529411765 0.3630434782608696 0.48970588235294116 0.06956521739130435
1 0.4235294117647059 0.4326086956521739 0.22794117647058823 0.041304347826086954
0 0.5470588235294118 0.4956521739130435 0.31470588235294117 0.07391304347826087
10 0.42205882352941176 0.5717391304347826 0.23088235294117648 0.041304347826086954
5 0.7220588235294118 0.5760869565217391 0.22794117647058823 0.043478260869565216
3 0.43529411764705883 0.6347826086956522 0.25588235294117645 0.07391304347826087
6 0.4294117647058823 0.7086956521739131 0.2411764705882353 0.041304347826086954
4 0.49264705882352944 0.7739130434782608 0.36764705882352944 0.07173913043478261
2 0.4117647058823529 0.8521739130434782 0.2088235294117647 0.05652173913043478
8 0.17794117647058824 0.508695652173913 0.2426470588235294 0.5152173913043478
9 0.16323529411764706 0.85 0.16911764705882354 0.12608695652173912