11 0.4338235294117647 0.3630434782608696 0.12352941176470589 0.05652173913043478
7 0.5058823529411764 0.4217391304347826 0.2676470588235294 0.05652173913043478
1 0.4426470588235294 0.4673913043478261 0.1411764705882353 0.02608695652173913
0 0.4823529411764706 0.5130434782608696 0.13529411764705881 0.05217391304347826
10 0.4426470588235294 0.558695652173913 0.13823529411764707 0.02826086956521739
5 0.6544117647058824 0.558695652173913 0.15588235294117647 0.02608695652173913
3 0.4514705882352941 0.6021739130434782 0.15588235294117647 0.05
6 0.45441176470588235 0.6478260869565218 0.16323529411764706 0.02826086956521739
4 0.4970588235294118 0.691304347826087 0.2529411764705882 0.04782608695652174
2 0.4441176470588235 0.7565217391304347 0.14852941176470588 0.04782608695652174
8 0.275 0.5391304347826087 0.16176470588235295 0.34130434782608693
9 0.27058823529411763 0.7608695652173914 0.11764705882352941 0.08478260869565217