11 0.47352941176470587 0.46956521739130436 0.09264705882352942 0.03695652173913044
7 0.513235294117647 0.508695652173913 0.17058823529411765 0.03260869565217391
1 0.475 0.5391304347826087 0.09264705882352942 0.017391304347826087
0 0.4823529411764706 0.5695652173913044 0.058823529411764705 0.03695652173913044
10 0.475 0.6043478260869565 0.09264705882352942 0.017391304347826087
5 0.5941176470588235 0.6021739130434782 0.09264705882352942 0.01956521739130435
3 0.4808823529411765 0.6347826086956522 0.10441176470588236 0.034782608695652174
6 0.4823529411764706 0.6695652173913044 0.10735294117647058 0.017391304347826087
4 0.47058823529411764 0.6978260869565217 0.0838235294117647 0.034782608695652174
2 0.47205882352941175 0.7456521739130435 0.08823529411764706 0.034782608695652174
8 0.34558823529411764 0.591304347826087 0.10735294117647058 0.23695652173913043
9 0.33088235294117646 0.7608695652173914 0.07205882352941176 0.03260869565217391